4 0.1578125 0.14765625 0.0921875 0.2296875
4 0.5890625 0.2875 0.0875 0.15546875
10 0.82109375 0.28359375 0.06328125 0.159375
10 0.565625 0.70703125 0.0515625 0.0953125
10 0.40859375 0.12578125 0.090625 0.13828125
10 0.8828125 0.2671875 0.06484375 0.1578125
10 0.41328125 0.3046875 0.075 0.13515625
10 0.32265625 0.13203125 0.07734375 0.15
4 0.0609375 0.14765625 0.046875 0.22265625
4 0.678125 0.21484375 0.05625 0.246875
10 0.575 0.56875 0.05859375 0.065625
10 0.9125 0.61484375 0.0609375 0.18203125
10 0.81875 0.13125 0.05 0.12109375
10 0.61796875 0.6734375 0.0375 0.1015625
10 0.67890625 0.70078125 0.04921875 0.08515625
10 0.33203125 0.64921875 0.07890625 0.13828125
10 0.415625 0.77421875 0.06640625 0.1390625
10 0.940625 0.1296875 0.0484375 0.1125
10 0.42421875 0.63125 0.06484375 0.10625
10 0.32890625 0.78203125 0.0640625 0.11953125
10 0.88046875 0.125 0.0421875 0.11015625
4 0.63203125 0.13359375 0.0640625 0.08359375
4 0.56171875 0.140625 0.05234375 0.13359375
10 0.8328125 0.6265625 0.04375 0.20625
10 0.671875 0.5875 0.059375 0.09453125
10 0.91875 0.79921875 0.04453125 0.18203125
4 0.07109375 0.33046875 0.0640625 0.11796875
10 0.94453125 0.2765625 0.0390625 0.1046875
10 0.67265625 0.82265625 0.05859375 0.125
10 0.1625 0.68203125 0.0921875 0.284375
10 0.85078125 0.803125 0.04921875 0.14921875
10 0.58671875 0.8296875 0.0453125 0.1
4 0.14375 0.32734375 0.02734375 0.09921875
10 0.0734375 0.7453125 0.09375 0.2703125
10 0.32734375 0.30703125 0.0921875 0.165625