6 0.7540106953125 0.8148148140625 0.7540106953125 0.5851851859375 0.7433155078125 0.5555555562500001 0.689839571875 0.5259259265625 0.7326203203125 0.49629629687500004 0.7326203203125 0.46296296249999996 0.705882353125 0.42592592656250006 0.6524064171874999 0.41111111093749997 0.513368984375 0.4888888890625 0.5294117640625 0.8148148140625 0.5721925140625 0.8666666671875 0.6310160421875 0.8740740734375001 0.7540106953125 0.8148148140625
1 0.716577540625 0.5074074078125 0.7379679140625 0.477777778125 0.716577540625 0.440740740625 0.6577540109375 0.4148148140625 0.502673796875 0.48518518593750004 0.486631015625 0.49629629687500004 0.497326203125 0.540740740625 0.5721925140625 0.577777778125 0.716577540625 0.5074074078125
6 0.716577540625 0.3148148140625 0.6951871656249999 0.27777777812500004 0.6310160421875 0.2666666671875 0.4705882359375 0.3481481484375 0.481283421875 0.4 0.5454545453125 0.4296296296875 0.700534759375 0.36296296250000004 0.716577540625 0.3148148140625
1 0.5614973265625001 0.4296296296875 0.711229946875 0.35555555625 0.716577540625 0.3148148140625 0.684491978125 0.28148148125 0.6310160421875 0.2703703703125 0.486631015625 0.33703703749999997 0.4705882359375 0.3481481484375 0.481283421875 0.396296296875 0.513368984375 0.42222222187499997 0.5614973265625001 0.4296296296875
6 0.1604278078125 0.95555555625 0.299465240625 0.8851851859375 0.320855615625 0.8444444437499999 0.278074865625 0.8 0.22459893125 0.796296296875 0.090909090625 0.859259259375 0.0695187171875 0.8740740734375001 0.0748663109375 0.9111111109375001 0.112299465625 0.9444444437499999 0.1604278078125 0.95555555625
1 0.16577540156249998 0.9518518515625001 0.304812834375 0.8851851859375 0.320855615625 0.8444444437499999 0.283422459375 0.803703703125 0.22459893125 0.796296296875 0.085561496875 0.8629629624999999 0.0695187171875 0.8740740734375001 0.080213903125 0.922222221875 0.12299465312499999 0.9518518515625001 0.16577540156249998 0.9518518515625001
6 0.27272727343750003 0.3851851859375 0.2566844921875 0.35925925937500003 0.19251336875 0.3296296296875 0.0267379671875 0.4074074078125 0.0427807484375 0.46666666718750005 0.112299465625 0.49259259218749996 0.2620320859375 0.41851851875 0.27272727343750003 0.3851851859375
6 0.2299465234375 0.58148148125 0.2620320859375 0.5481481484375 0.2406417109375 0.5074074078125 0.1711229953125 0.48518518593750004 0.01604278125 0.559259259375 0.0267379671875 0.6148148140624999 0.0641711234375 0.640740740625 0.10160427812499999 0.64444444375 0.2299465234375 0.58148148125
6 0.10160427812499999 0.3481481484375 0.2459893046875 0.2740740734375 0.2513368984375 0.23333333281250002 0.2299465234375 0.20740740781250003 0.16577540156249998 0.1888888890625 0.0320855609375 0.2518518515625 0.00534759375 0.2703703703125 0.01604278125 0.3148148140625 0.0641711234375 0.3481481484375 0.10160427812499999 0.3481481484375
6 0.705882353125 0.20370370312500002 0.711229946875 0.1740740734375 0.6684491984375 0.12592592656249998 0.6149732625000001 0.12222222187500001 0.481283421875 0.1851851859375 0.4598930484375 0.2259259265625 0.508021390625 0.2740740734375 0.5508021390625 0.28148148125 0.705882353125 0.20370370312500002
6 0.1390374328125 0.8074074078125 0.299465240625 0.7259259265625 0.299465240625 0.6925925921875 0.2566844921875 0.6518518515625 0.21390374374999999 0.64444444375 0.0748663109375 0.7111111109375 0.0481283421875 0.7296296296875 0.053475935937499997 0.759259259375 0.0748663109375 0.7851851859375001 0.1390374328125 0.8074074078125