10 0.31484375 0.5546875 0.12578125 0.23046875
10 0.1890625 0.71640625 0.0734375 0.128125
10 0.3109375 0.2625 0.12109375 0.203125
4 0.559375 0.321875 0.06796875 0.21484375
10 0.646875 0.59609375 0.06484375 0.1359375
10 0.43125 0.57734375 0.065625 0.2578125
10 0.5140625 0.83359375 0.0484375 0.203125
10 0.27890625 0.771875 0.09453125 0.17265625
10 0.44140625 0.31171875 0.1046875 0.16328125
10 0.75 0.54609375 0.07734375 0.1359375
10 0.64765625 0.803125 0.0609375 0.225
4 0.21796875 0.94296875 0.06328125 0.1140625
10 0.05234375 0.11875 0.09375 0.15859375
10 0.85625 0.95 0.0625 0.1
4 0.6625 0.31875 0.06953125 0.22890625
10 0.403125 0.83515625 0.03828125 0.11328125
10 0.1890625 0.5078125 0.08125 0.1296875
10 0.55 0.6015625 0.04296875 0.17265625
10 0.9796875 0.1328125 0.0375 0.17109375
4 0.04140625 0.76796875 0.04140625 0.08828125
10 0.12109375 0.8734375 0.04140625 0.11484375
4 0.025 0.328125 0.05 0.11953125
10 0.171875 0.21875 0.09765625 0.28203125
10 0.784375 0.759375 0.07109375 0.14140625
4 0.0921875 0.421875 0.08125 0.14140625
10 0.771875 0.29140625 0.06640625 0.2015625
10 0.09609375 0.64296875 0.04921875 0.10703125
4 0.02578125 0.553125 0.0421875 0.0765625
10 0.88046875 0.278125 0.09296875 0.19375
10 0.16796875 0.04609375 0.08984375 0.090625
10 0.971875 0.89296875 0.05546875 0.15
10 0.87734375 0.48984375 0.09140625 0.15390625
10 0.93046875 0.6953125 0.10390625 0.17265625
10 0.321875 0.05390625 0.121875 0.10703125
10 0.73203125 0.978125 0.06328125 0.04296875
10 0.6234375 0.07421875 0.1359375 0.14609375
10 0.77578125 0.07890625 0.10703125 0.14375
10 0.8953125 0.0859375 0.04296875 0.1578125
10 0.4671875 0.04296875 0.09296875 0.0859375