10 0.10859375 0.453125 0.103125 0.39296875
10 0.303125 0.45 0.2046875 0.3765625
10 0.7578125 0.36015625 0.1703125 0.24609375
10 0.509375 0.83125 0.14375 0.31015625
10 0.87265625 0.74375 0.21796875 0.45078125
10 0.0828125 0.8125 0.10546875 0.29453125
10 0.8796875 0.18125 0.17109375 0.25390625
10 0.196875 0.84609375 0.10078125 0.215625
10 0.68125 0.7109375 0.1046875 0.39609375
10 0.33671875 0.83046875 0.115625 0.32109375
10 0.57890625 0.18359375 0.17109375 0.31328125
10 0.50234375 0.51796875 0.16484375 0.278125