10 0.0984375 0.50234375 0.1328125 0.2640625
10 0.465625 0.50546875 0.10859375 0.23671875
4 0.3828125 0.81015625 0.1265625 0.2125
10 0.90390625 0.5 0.14453125 0.2921875
10 0.28515625 0.50546875 0.1453125 0.3203125
10 0.559375 0.49765625 0.07734375 0.21796875
10 0.71484375 0.82578125 0.1421875 0.2609375
4 0.7203125 0.496875 0.17109375 0.2296875
4 0.2671875 0.83359375 0.1 0.29765625
10 0.5203125 0.8109375 0.12421875 0.321875
10 0.09140625 0.81484375 0.15234375 0.27421875
10 0.896875 0.840625 0.10625 0.28125