10 0.2609375 0.22734375 0.06640625 0.23046875
10 0.74453125 0.521875 0.13359375 0.203125
10 0.5609375 0.44609375 0.0671875 0.1953125
10 0.10390625 0.3640625 0.0921875 0.22265625
10 0.89921875 0.58203125 0.07578125 0.22578125
10 0.4546875 0.1484375 0.08671875 0.221875
10 0.25859375 0.75703125 0.103125 0.22265625
10 0.88984375 0.15 0.1265625 0.15390625
4 0.3984375 0.51796875 0.08984375 0.21640625
10 0.61015625 0.73984375 0.0921875 0.20703125
10 0.0875 0.7546875 0.09453125 0.16484375
10 0.6546875 0.165625 0.0578125 0.22265625