6 0.2203125 0.3 0.05390625 0.0765625
6 0.2703125 0.3390625 0.04140625 0.05625
6 0.6765625 0.640625 0.0421875 0.05390625
6 0.40859375 0.44453125 0.0359375 0.05
6 0.29921875 0.3703125 0.04375 0.0640625
6 0.56640625 0.56328125 0.0640625 0.07421875
6 0.38203125 0.42734375 0.03671875 0.05078125
6 0.2375 0.3296875 0.0375 0.05625
6 0.534375 0.53984375 0.04375 0.059375
6 0.80546875 0.7015625 0.046875 0.06796875
6 0.63359375 0.60546875 0.03828125 0.046875
6 0.60234375 0.590625 0.03984375 0.05
6 0.58671875 0.56328125 0.02890625 0.0453125
6 0.3171875 0.38203125 0.14140625 0.1546875
6 0.478125 0.49609375 0.03828125 0.04765625
6 0.6546875 0.6234375 0.0375 0.046875
6 0.7203125 0.6625 0.0390625 0.05234375
6 0.31875 0.39609375 0.03671875 0.04765625
6 0.43984375 0.4765625 0.11640625 0.1140625
6 0.5 0.51328125 0.03203125 0.03984375
6 0.76015625 0.684375 0.1421875 0.1203125
6 0.453125 0.4765625 0.03984375 0.05
6 0.7578125 0.6703125 0.04375 0.059375
6 0.43125 0.46484375 0.0359375 0.0484375
6 0.7296875 0.64609375 0.02734375 0.03515625
6 0.35546875 0.40546875 0.0375 0.05
6 0.5625 0.54453125 0.02734375 0.0421875
6 0.69375 0.628125 0.0265625 0.03359375
6 0.21328125 0.27109375 0.03046875 0.0328125
6 0.33828125 0.39453125 0.03359375 0.046875
6 0.82109375 0.728125 0.02734375 0.0375
6 0.2984375 0.3453125 0.02734375 0.034375
6 0.2546875 0.296875 0.025 0.0328125
6 0.27109375 0.3640625 0.0359375 0.0359375