6 0.3953125 0.36328125 0.01640625 0.02421875
6 0.36640625 0.3453125 0.0171875 0.02265625
6 0.46953125 0.39921875 0.0171875 0.02109375
6 0.31796875 0.32109375 0.015625 0.0203125
6 0.24296875 0.3421875 0.01484375 0.021875
6 0.42265625 0.38203125 0.0234375 0.03828125
6 0.23515625 0.3078125 0.0234375 0.0375
6 0.35078125 0.35625 0.0328125 0.059375
6 0.571875 0.4546875 0.01875 0.021875
6 0.54609375 0.4390625 0.01953125 0.02109375
6 0.3890625 0.38046875 0.01640625 0.025
6 0.75625 0.58828125 0.01484375 0.0203125
6 0.36171875 0.36328125 0.0171875 0.02578125
6 0.76015625 0.6375 0.01875 0.02734375
6 0.53828125 0.459375 0.0171875 0.02265625
6 0.2890625 0.3140625 0.02734375 0.04140625
6 0.71953125 0.56640625 0.015625 0.021875
6 0.5125 0.446875 0.01875 0.0265625
6 0.25 0.31640625 0.04140625 0.05859375
6 0.74921875 0.63359375 0.01640625 0.02734375
6 0.5203125 0.42578125 0.01953125 0.021875
6 0.7484375 0.60390625 0.0953125 0.1390625
6 0.73359375 0.6109375 0.02265625 0.03125
6 0.78046875 0.6515625 0.025 0.04140625
6 0.22890625 0.31796875 0.01328125 0.01875
6 0.2484375 0.3984375 0.0125 0.01875
6 0.61328125 0.50390625 0.015625 0.02109375
6 0.7171875 0.546875 0.015625 0.021875
6 0.66953125 0.52578125 0.0171875 0.021875
6 0.66640625 0.5671875 0.25078125 0.2140625
6 0.7234375 0.528125 0.01640625 0.0203125
6 0.71015625 0.609375 0.01953125 0.02890625
6 0.6296875 0.48125 0.02578125 0.02734375
6 0.50390625 0.471875 0.01796875 0.02578125
6 0.7046875 0.53671875 0.01640625 0.02265625