6 0.78515625 0.25703125 0.06328125 0.06171875
6 0.2734375 0.59375 0.0453125 0.0703125
6 0.52578125 0.44921875 0.046875 0.0765625
6 0.296875 0.57421875 0.04609375 0.0671875
6 0.4203125 0.51796875 0.0515625 0.08046875
6 0.7328125 0.284375 0.04765625 0.05546875
6 0.3921875 0.5265625 0.04609375 0.0625
6 0.24375 0.62890625 0.05546875 0.09375
6 0.63359375 0.3671875 0.04375 0.059375
6 0.61328125 0.3875 0.04609375 0.06484375
6 0.759375 0.26640625 0.0515625 0.05703125
6 0.47421875 0.48203125 0.0515625 0.08203125
6 0.215625 0.646875 0.0375 0.05546875
6 0.49921875 0.46875 0.053125 0.08515625
6 0.2046875 0.678125 0.0453125 0.08125
6 0.68671875 0.3421875 0.075 0.10859375