10 0.1 0.20703125 0.09453125 0.1625
4 0.096875 0.50703125 0.140625 0.178125
4 0.3 0.50625 0.0703125 0.18046875
4 0.29765625 0.81328125 0.05390625 0.1890625
10 0.49765625 0.80703125 0.12265625 0.1875
10 0.50703125 0.51796875 0.125 0.19375
10 0.709375 0.51171875 0.13671875 0.1765625
10 0.90390625 0.50078125 0.10234375 0.2203125
10 0.91171875 0.796875 0.0578125 0.17734375
10 0.9 0.17578125 0.08984375 0.21484375
10 0.29296875 0.19765625 0.1375 0.14453125
10 0.69921875 0.20625 0.10390625 0.16015625
10 0.71953125 0.8046875 0.16171875 0.184375
10 0.0984375 0.8125 0.1921875 0.17421875
10 0.503125 0.2 0.115625 0.15703125