3 0.4169921875 0.4987684729064039 0.4140625 0.5033866995073891 0.4140625 0.5157019704433498 0.451171875 0.6234605911330049 0.4599609375 0.6342364532019704 0.4677734375 0.6342364532019704 0.4833984375 0.6219211822660099 0.4873046875 0.6157635467980296 0.5126953125 0.5972906403940886 0.5166015625 0.5911330049261084 0.5380859375 0.5757389162561576 0.544921875 0.561884236453202 0.53515625 0.5310960591133005 0.53125 0.5249384236453202 0.52734375 0.5064655172413793 0.515625 0.47875615763546797 0.51171875 0.4602832512315271 0.5009765625 0.4341133004926108 0.4912109375 0.4341133004926108 0.4873046875 0.44027093596059114 0.4619140625 0.45874384236453203 0.4580078125 0.4649014778325123
5 0.2998046875 0.6065270935960592 0.296875 0.6173029556650246 0.353515625 0.7804802955665024 0.3662109375 0.8097290640394089 0.3759765625 0.8066502463054187 0.380859375 0.7927955665024631 0.3871279520831575 0.7621269937284517 0.33088727415935326 0.6077297494983875 0.3095703125 0.6003694581280788
2 0.2978515625 0.4895320197044335 0.29296875 0.49722906403940886 0.296875 0.5218596059113301 0.3310546875 0.6157635467980296 0.3427734375 0.6096059113300493 0.39453125 0.5649630541871922 0.39453125 0.5557266009852216 0.380859375 0.5126231527093597 0.359375 0.45104679802955666 0.3544921875 0.4433497536945813
4 0.6123046875 0.5480295566502463 0.607421875 0.5557266009852216 0.607421875 0.5926724137931034 0.64453125 0.7065886699507389 0.6513671875 0.7204433497536946 0.6787109375 0.7512315270935961 0.6884765625 0.7450738916256158 0.689453125 0.7342980295566502 0.6796875 0.6850369458128078 0.638671875 0.5680418719211823 0.6220703125 0.541871921182266
8 0.6083984375 0.7204433497536946 0.59765625 0.7404556650246306 0.6240234375 0.812807881773399 0.6337890625 0.8097290640394089 0.6572265625 0.791256157635468 0.662109375 0.7835591133004927 0.662109375 0.7743226600985221 0.6396484375 0.708128078817734 0.6240234375 0.708128078817734
8 0.5302734375 0.7881773399014779 0.521484375 0.8020320197044335 0.521484375 0.8081896551724138 0.5478515625 0.8774630541871922 0.5712890625 0.8620689655172413 0.5859375 0.8451354679802956 0.5615234375 0.7697044334975369 0.5458984375 0.7727832512315271
13 0.4306640625 0.8774630541871922 0.427734375 0.8851600985221675 0.4541015625 0.9544334975369458 0.4580078125 0.9544334975369458 0.4931640625 0.9267241379310345 0.50390625 0.9128694581280788 0.49609375 0.8790024630541872 0.4833984375 0.8405172413793104 0.4501953125 0.8589901477832512
1 0.6748046875 0.6096059113300493 0.671875 0.6203817733990148 0.67578125 0.6357758620689655 0.701171875 0.7096674876847291 0.71875 0.7466133004926109 0.7236328125 0.7543103448275862 0.7275390625 0.7543103448275862 0.7470703125 0.7419950738916257 0.755859375 0.7281403940886699 0.75390625 0.7004310344827587 0.73046875 0.6203817733990148 0.720703125 0.5957512315270936 0.7060546875 0.5849753694581281
12 0.7783203125 0.4802955665024631 0.775390625 0.4849137931034483 0.77734375 0.5033866995073891 0.810546875 0.6049876847290641 0.8173828125 0.6157635467980296 0.8271484375 0.6219211822660099 0.8505859375 0.6065270935960592 0.931640625 0.5372536945812808 0.9296875 0.5187807881773399 0.896484375 0.41717980295566504 0.8876953125 0.40332512315270935 0.8818359375 0.4002463054187192 0.8779296875 0.4002463054187192
12 0.72265625 0.3217364532019704 0.720703125 0.3309729064039409 0.732421875 0.3679187192118227 0.759765625 0.44488916256157635 0.7646484375 0.4525862068965517 0.7783203125 0.4525862068965517 0.876953125 0.37099753694581283 0.875 0.3494458128078818 0.84375 0.25092364532019706 0.8349609375 0.23706896551724138 0.8212890625 0.24014778325123154 0.8076171875 0.24938423645320196
10 0.5054687261581421 0.4088669966398593 0.556891463703968 0.576521763215618 0.640210883550777 0.5009656716410472 0.5839702850866394 0.34492589687052166
0 0.275390625 0.4356527093596059 0.2734375 0.44488916256157635 0.28515625 0.47875615763546797 0.2900390625 0.4833743842364532 0.2978515625 0.4802955665024631 0.5908203125 0.2309113300492611 0.59375 0.21397783251231528 0.5859375 0.1893472906403941 0.5751953125 0.17857142857142858
11 0.421875 0.6788793103448276 0.42578125 0.6727216748768473 0.43359375 0.6480911330049262 0.431640625 0.6419334975369458 0.431640625 0.6234605911330049 0.412109375 0.5988300492610837 0.4140625 0.5926724137931034 0.4111328125 0.5788177339901478 0.4013671875 0.5788177339901478 0.3974609375 0.5818965517241379 0.3916015625 0.5942118226600985 0.3818359375 0.5942118226600985 0.37109375 0.6049876847290641 0.37109375 0.6173029556650246 0.3828125 0.6326970443349754 0.380859375 0.6357758620689655 0.3828125 0.6419334975369458 0.3828125 0.6573275862068966 0.3876953125 0.6681034482758621 0.3974609375 0.6804187192118226
6 0.6287545477477365 0.12324613852389543 0.684995146211874 0.31049383691986154 0.8505927464350942 0.20537235226031095 0.7964349447504186 0.00005675526194331279