0 0.52734375 0.7250615763546798 0.525390625 0.7342980295566502 0.529296875 0.7404556650246306 0.53125 0.749692118226601 0.5361328125 0.7543103448275862 0.5419921875 0.7666256157635468 0.5517578125 0.7697044334975369 0.5693359375 0.7419950738916257 0.5712890625 0.7419950738916257 0.5751953125 0.7327586206896551 0.5927734375 0.7112068965517241 0.5966796875 0.7019704433497537 0.6083984375 0.6896551724137931 0.6142578125 0.6773399014778325 0.6572265625 0.6188423645320197 0.6650390625 0.603448275862069 0.6826171875 0.5818965517241379 0.7490234375 0.4833743842364532 0.7880859375 0.43103448275862066 0.798828125 0.4110221674876847 0.796875 0.39870689655172414 0.7822265625 0.37561576354679804 0.7724609375 0.37561576354679804 0.7646484375 0.3910098522167488 0.7353515625 0.42795566502463056 0.7275390625 0.4433497536945813 0.6826171875 0.5018472906403941 0.6787109375 0.5110837438423645 0.6689453125 0.520320197044335 0.6416015625 0.5665024630541872 0.6357421875 0.5695812807881774 0.6123046875 0.6065270935960592 0.5947265625 0.6280788177339901 0.5791015625 0.6557881773399015 0.5693359375 0.6650246305418719 0.5634765625 0.6773399014778325
3 0.5341796875 0.36637931034482757 0.521484375 0.38639162561576357 0.521484375 0.395628078817734 0.5810546875 0.4956896551724138 0.5927734375 0.49261083743842365 0.6435546875 0.42179802955665024 0.654296875 0.4017857142857143 0.65234375 0.39254926108374383 0.6171875 0.3371305418719212 0.6171875 0.33405172413793105 0.6142578125 0.33251231527093594 0.5966796875 0.3017241379310345 0.5908203125 0.2986453201970443 0.5830078125 0.3017241379310345 0.5478515625 0.35098522167487683
5 0.640625 0.11853448275862069 0.640625 0.1308497536945813 0.638671875 0.13392857142857142 0.640625 0.14624384236453203 0.6412524408598411 0.1659517132752358 0.6704142974009742 0.21029984989570163 0.7068665783475573 0.2710732919207792 0.7255859375 0.2770935960591133 0.7392578125 0.2770935960591133 0.74609375 0.2663177339901478 0.748046875 0.2570812807881773 0.734375 0.23245073891625614 0.6728515625 0.13854679802955666 0.6708984375 0.13854679802955666 0.6591796875 0.11699507389162561 0.6513671875 0.10775862068965517 0.6474609375 0.10775862068965517
4 0.3623046875 0.2647783251231527 0.35546875 0.2755541871921182 0.359375 0.29094827586206895 0.3623046875 0.29248768472906406 0.3671875 0.3032635467980296 0.3662980772565387 0.3170639590817062 0.3798375276777076 0.33841676212170857 0.3954599337976717 0.3597695651617109 0.41212381776703355 0.3942626125254026 0.42670474603760006 0.41890047664632735 0.44140625 0.4294950738916256 0.4482421875 0.44027093596059114 0.4521484375 0.44027093596059114 0.455078125 0.4356527093596059 0.4631570269841831 0.4106878552726857 0.44961757656301415 0.3926200506562771 0.454825045269669 0.37947986898991637 0.3965014116470693 0.2891410338798592 0.3881694299325552 0.2924260949607815 0.376953125 0.2786330049261084 0.3662109375 0.2616995073891626
1 0.298828125 0.29710591133004927 0.294921875 0.30942118226600984 0.3046875 0.3402093596059113 0.31640625 0.35560344827586204 0.3203125 0.37099753694581283 0.3564453125 0.43103448275862066 0.3623046875 0.43103448275862066 0.3779296875 0.4064039408866995 0.3857421875 0.4002463054187192 0.392578125 0.38947044334975367 0.392578125 0.3833128078817734 0.384765625 0.36176108374384236 0.3349609375 0.2801724137931034 0.3310546875 0.2832512315270936 0.3232421875 0.27401477832512317 0.3154296875 0.27401477832512317
8 0.3876953125 0.21551724137931033 0.375 0.23860837438423646 0.3828125 0.2478448275862069 0.4052734375 0.2894088669950739 0.4130859375 0.28633004926108374 0.4169921875 0.29248768472906406 0.4208984375 0.29248768472906406 0.435546875 0.27247536945812806 0.43359375 0.2601600985221675 0.4384765625 0.25862068965517243 0.44140625 0.25400246305418717 0.43359375 0.2355295566502463 0.4091796875 0.19704433497536947 0.4033203125 0.19704433497536947
8 0.443359375 0.14624384236453203 0.44140625 0.15548029556650247 0.4677734375 0.2062807881773399 0.4794921875 0.2062807881773399 0.4833984375 0.20935960591133004 0.5 0.18626847290640394 0.49609375 0.17395320197044334 0.501953125 0.16163793103448276 0.4736328125 0.11699507389162561 0.4638671875 0.12007389162561577
13 0.5078125 0.06311576354679803 0.505859375 0.06927339901477833 0.5078125 0.07543103448275862 0.52734375 0.1062192118226601 0.5361328125 0.12623152709359606 0.5458984375 0.12315270935960591 0.5517578125 0.11083743842364532 0.5673828125 0.09544334975369458 0.568359375 0.09082512315270935 0.580078125 0.07543103448275862 0.580078125 0.06927339901477833 0.576171875 0.060036945812807885 0.5458984375 0.01539408866995074 0.5380859375 0.021551724137931036
11 0.615234375 0.2570812807881773 0.61328125 0.28171182266009853 0.6171875 0.29710591133004927 0.6220703125 0.30480295566502463 0.6376953125 0.31403940886699505 0.6435546875 0.3355911330049261 0.6513671875 0.3355911330049261 0.6572265625 0.3294334975369458 0.66015625 0.31557881773399016 0.6630859375 0.31096059113300495 0.6689453125 0.31096059113300495 0.677734375 0.29710591133004927 0.677734375 0.29094827586206895 0.6728515625 0.2832512315270936 0.6640625 0.2786330049261084 0.66015625 0.2663177339901478 0.66015625 0.2570812807881773 0.6552734375 0.24938423645320196 0.6435546875 0.24014778325123154 0.6298828125 0.24014778325123154 0.6240234375 0.24322660098522167 0.6201171875 0.24630541871921183
2 0.6650390625 0.3355911330049261 0.6640625 0.34328817733990147 0.666015625 0.3494458128078818 0.6708984375 0.354064039408867 0.7197265625 0.4341133004926108 0.7255859375 0.4341133004926108 0.7333984375 0.4187192118226601 0.771484375 0.3679187192118227 0.771484375 0.3586822660098522 0.7353515625 0.3017241379310345 0.7333984375 0.3017241379310345 0.7158203125 0.270935960591133 0.7119140625 0.270935960591133
12 0.1494140625 0.5326354679802956 0.1484375 0.5434113300492611 0.158203125 0.5649630541871922 0.17578125 0.5926724137931034 0.193359375 0.6296182266009852 0.2177734375 0.6650246305418719 0.2255859375 0.6588669950738916 0.2451171875 0.6280788177339901 0.2744140625 0.5911330049261084 0.2880859375 0.5788177339901478 0.2890625 0.5741995073891626 0.306640625 0.5495689655172413 0.302734375 0.5310960591133005 0.28125 0.49722906403940886 0.267578125 0.4725985221674877 0.265625 0.46336206896551724 0.26171875 0.4602832512315271 0.2431640625 0.4248768472906404 0.2373046875 0.4248768472906404 0.2314453125 0.43103448275862066 0.2197265625 0.44950738916256155 0.2119140625 0.45566502463054187 0.1591796875 0.5233990147783252
12 0.2314453125 0.646551724137931 0.22265625 0.6604064039408867 0.22265625 0.6696428571428571 0.2265625 0.6727216748768473 0.224609375 0.6758004926108374 0.2265625 0.6911945812807881 0.2734375 0.7804802955665024 0.2919921875 0.8066502463054187 0.3388671875 0.7419950738916257 0.3564453125 0.7235221674876847 0.3740234375 0.6958128078817734 0.3759765625 0.6958128078817734 0.3828125 0.6819581280788177 0.37890625 0.6696428571428571 0.361328125 0.6357758620689655 0.3173828125 0.5603448275862069 0.3115234375 0.5603448275862069 0.3037109375 0.5757389162561576 0.2978515625 0.5788177339901478 0.2958984375 0.5849753694581281 0.2841796875 0.5972906403940886 0.2705078125 0.6188423645320197 0.2412109375 0.6557881773399015 0.2392578125 0.6557881773399015 0.2353515625 0.646551724137931
10 0.4403645594914754 0.4745484416316491 0.5079412101856138 0.3959051117371995 0.5829288072372417 0.5273070537154646 0.5141901567416659 0.6077907682400835
6 0.4214972773309454 0.6652791178555743 0.2725636405367537 0.8311741071975309 0.35484166199383177 1 0.5131486788922685 0.8459567254183599