4 0.268 0.16805555555555557 0.034 0.09444444444444444
0 0.6205 0.5388888888888889 0.047 0.04722222222222222
2 0.6845 0.6861111111111111 0.445 0.18611111111111112
12 0.918 0.4875 0.072 0.14444444444444443
15 0.197 0.6715277777777777 0.13 0.14305555555555555
18 0.2655 0.33055555555555555 0.043 0.06944444444444445
16 0.184 0.11388888888888889 0.124 0.11666666666666667
17 0.201 0.18680555555555556 0.036 0.03194444444444444
17 0.2655 0.28541666666666665 0.035 0.029166666666666667
17 0.2645 0.3854166666666667 0.041 0.02638888888888889
5 0.264 0.24097222222222223 0.04 0.029166666666666667
5 0.2565 0.45069444444444445 0.037 0.02638888888888889
5 0.306 0.45694444444444443 0.038 0.025
5 0.3845 0.4576388888888889 0.041 0.020833333333333332
5 0.337 0.7069444444444445 0.016 0.05
5 0.426 0.7041666666666667 0.016 0.05
5 0.4565 0.19722222222222222 0.039 0.027777777777777776
5 0.453 0.42430555555555555 0.04 0.02361111111111111
5 0.4555 0.4534722222222222 0.039 0.02361111111111111
17 0.3435 0.4576388888888889 0.033 0.020833333333333332
19 0.208 0.5111111111111111 0.038 0.05277777777777778
21 0.3435 0.6159722222222223 0.075 0.05694444444444444
9 0.381 0.70625 0.05 0.05694444444444444
1 0.3355 0.8125 0.087 0.12222222222222222
1 0.4255 0.8090277777777778 0.087 0.12916666666666668
10 0.3765 0.9222222222222223 0.085 0.041666666666666664
14 0.172 0.8423611111111111 0.184 0.17083333333333334
12 0.3355 0.16527777777777777 0.093 0.08888888888888889
3 0.356 0.36736111111111114 0.074 0.10416666666666667
18 0.455 0.5569444444444445 0.038 0.058333333333333334
18 0.8355 0.38472222222222224 0.043 0.06388888888888888
18 0.454 0.2861111111111111 0.042 0.06111111111111111
8 0.4545 0.24027777777777778 0.051 0.027777777777777776
8 0.4555 0.3326388888888889 0.051 0.029166666666666667
8 0.455 0.37569444444444444 0.052 0.03194444444444444
8 0.8355 0.33402777777777776 0.051 0.02361111111111111
13 0.7905 0.08680555555555555 0.259 0.06527777777777778
13 0.567 0.9263888888888889 0.262 0.05555555555555555
13 0.821 0.925 0.194 0.058333333333333334
7 0.1555 0.5111111111111111 0.049 0.10833333333333334
4 0.849 0.4840277777777778 0.032 0.09027777777777778
20 0.12929 0.3095277777777778 0.21 0.21824999999999997
11 0.48571 0.08461111111111111 0.32 0.06208333333333334
11 0.34229000000000004 0.5174722222222222 0.14743 0.08256944444444445