18 0.473 0.2881944444444444 0.042 0.06805555555555555
12 0.355 0.17430555555555555 0.106 0.09583333333333334
6 0.3625 0.5159722222222223 0.147 0.09027777777777778
13 0.8165 0.09097222222222222 0.275 0.0625
16 0.2055 0.11736111111111111 0.125 0.1125
20 0.152 0.3138888888888889 0.208 0.2111111111111111
7 0.1775 0.5097222222222222 0.051 0.10555555555555556
14 0.194 0.8354166666666667 0.18 0.16527777777777777
10 0.3955 0.9201388888888888 0.087 0.043055555555555555
13 0.585 0.9222222222222223 0.258 0.05555555555555555
13 0.8375 0.9229166666666667 0.193 0.05416666666666667
13 0.5025 0.09236111111111112 0.317 0.05694444444444444
5 0.276 0.45208333333333334 0.04 0.020833333333333332
5 0.3265 0.45694444444444443 0.037 0.022222222222222223
5 0.404 0.45625 0.038 0.020833333333333332
5 0.473 0.4270833333333333 0.034 0.018055555555555554
5 0.473 0.4513888888888889 0.038 0.022222222222222223
5 0.284 0.24444444444444444 0.04 0.019444444444444445
5 0.474 0.20069444444444445 0.04 0.02361111111111111
5 0.357 0.7027777777777777 0.014 0.05277777777777778
5 0.444 0.7055555555555556 0.018 0.05277777777777778
17 0.2235 0.19305555555555556 0.037 0.030555555555555555
17 0.2865 0.2881944444444444 0.033 0.029166666666666667
17 0.287 0.3875 0.034 0.025
4 0.2885 0.17083333333333334 0.031 0.09444444444444444
4 0.8645 0.48680555555555555 0.029 0.09027777777777778
18 0.287 0.3347222222222222 0.04 0.06111111111111111
18 0.4745 0.5583333333333333 0.037 0.058333333333333334
18 0.8505 0.3861111111111111 0.039 0.06388888888888888
21 0.3635 0.6159722222222223 0.075 0.05694444444444444
1 0.3535 0.8097222222222222 0.083 0.12777777777777777
1 0.4435 0.8104166666666667 0.085 0.13472222222222222
3 0.3755 0.3701388888888889 0.071 0.10138888888888889
8 0.4735 0.37569444444444444 0.049 0.02638888888888889
8 0.475 0.24305555555555555 0.05 0.027777777777777776
8 0.8515 0.33611111111111114 0.051 0.027777777777777776
0 0.638 0.5375 0.046 0.041666666666666664
19 0.2295 0.5118055555555555 0.037 0.05694444444444444
17 0.3635 0.45694444444444443 0.035 0.025
12 0.932 0.48541666666666666 0.066 0.1375
11 0.21628999999999998 0.6673333333333333 0.14114 0.16402777777777777
11 0.47429000000000004 0.33944444444444444 0.04571 0.03205555555555555