5 0.2765 0.45625 0.041 0.034722222222222224
5 0.474 0.45416666666666666 0.038 0.022222222222222223
0 0.638 0.5375 0.054 0.04722222222222222
16 0.2055 0.11666666666666667 0.125 0.11388888888888889
20 0.1525 0.3145833333333333 0.207 0.20972222222222223
7 0.177 0.5118055555555555 0.05 0.10416666666666667
19 0.229 0.5111111111111111 0.042 0.05277777777777778
6 0.3635 0.5173611111111112 0.141 0.08472222222222223
13 0.8035 0.09305555555555556 0.257 0.058333333333333334
13 0.5845 0.9229166666666667 0.259 0.05694444444444444
13 0.836 0.9215277777777777 0.192 0.05416666666666667
10 0.394 0.9194444444444444 0.09 0.04722222222222222
1 0.357 0.80625 0.088 0.12916666666666668
1 0.446 0.8083333333333333 0.084 0.1361111111111111
5 0.4715 0.425 0.039 0.027777777777777776
5 0.325 0.45902777777777776 0.038 0.02361111111111111
5 0.4045 0.45555555555555555 0.039 0.025
5 0.3555 0.7048611111111112 0.019 0.05138888888888889
5 0.445 0.7034722222222223 0.018 0.04861111111111111
5 0.473 0.2013888888888889 0.038 0.025
5 0.285 0.24513888888888888 0.04 0.02638888888888889
17 0.222 0.18888888888888888 0.038 0.03333333333333333
17 0.2865 0.2881944444444444 0.035 0.02638888888888889
17 0.2875 0.3888888888888889 0.033 0.025
17 0.363 0.4576388888888889 0.034 0.02638888888888889
18 0.475 0.2881944444444444 0.038 0.0625
18 0.2865 0.33402777777777776 0.041 0.059722222222222225
18 0.474 0.5534722222222223 0.04 0.06805555555555555
4 0.2895 0.17152777777777778 0.031 0.09583333333333334
4 0.8635 0.4861111111111111 0.031 0.09166666666666666
8 0.4735 0.24513888888888888 0.053 0.02638888888888889
8 0.474 0.3326388888888889 0.05 0.029166666666666667
8 0.472 0.3770833333333333 0.05 0.03194444444444444
8 0.852 0.3375 0.05 0.027777777777777776
9 0.399 0.7048611111111112 0.048 0.05416666666666667
21 0.3635 0.6180555555555556 0.077 0.058333333333333334
12 0.3555 0.17152777777777778 0.093 0.09305555555555556
12 0.9315 0.48819444444444443 0.067 0.13472222222222222
11 0.50314 0.09095833333333332 0.31486000000000003 0.058902777777777776
11 0.21356999999999998 0.6736805555555556 0.16713999999999998 0.17673611111111112
11 0.208 0.875736111111111 0.176 0.19194444444444442