9 0.3995 0.7041666666666667 0.053 0.06388888888888888
7 0.1755 0.5118055555555555 0.061 0.10694444444444444
13 0.5825 0.9229166666666667 0.259 0.059722222222222225
16 0.205 0.11875 0.122 0.12083333333333333
13 0.503 0.09513888888888888 0.316 0.05416666666666667
13 0.837 0.91875 0.198 0.059722222222222225
2 0.7015 0.6833333333333333 0.443 0.18055555555555555
17 0.2225 0.1909722222222222 0.039 0.029166666666666667
17 0.2865 0.28888888888888886 0.035 0.025
17 0.2865 0.3861111111111111 0.033 0.025
17 0.363 0.4576388888888889 0.03 0.02361111111111111
4 0.2895 0.1701388888888889 0.031 0.09583333333333334
4 0.8645 0.48541666666666666 0.029 0.09027777777777778
5 0.3565 0.7041666666666667 0.015 0.05555555555555555
5 0.445 0.7048611111111112 0.018 0.05416666666666667
5 0.2765 0.4513888888888889 0.039 0.022222222222222223
5 0.325 0.45694444444444443 0.034 0.025
5 0.405 0.45694444444444443 0.036 0.022222222222222223
5 0.4725 0.42569444444444443 0.037 0.020833333333333332
5 0.473 0.45208333333333334 0.038 0.020833333333333332
5 0.474 0.20069444444444445 0.036 0.02361111111111111
5 0.284 0.24444444444444444 0.036 0.025
8 0.474 0.24375 0.05 0.02361111111111111
8 0.4735 0.33194444444444443 0.051 0.027777777777777776
8 0.4725 0.3736111111111111 0.049 0.030555555555555555
8 0.8495 0.3368055555555556 0.051 0.02361111111111111
19 0.23 0.5131944444444444 0.044 0.05694444444444444
3 0.376 0.37083333333333335 0.07 0.10277777777777777
14 0.193 0.8368055555555556 0.184 0.1625
10 0.397 0.9180555555555555 0.088 0.05277777777777778
1 0.354 0.8069444444444445 0.084 0.12777777777777777
1 0.4455 0.8118055555555556 0.085 0.13194444444444445
18 0.475 0.5555555555555556 0.038 0.06111111111111111
18 0.4745 0.28888888888888886 0.039 0.06111111111111111
18 0.852 0.38819444444444445 0.04 0.0625
0 0.6375 0.5388888888888889 0.047 0.04722222222222222
6 0.363 0.5173611111111112 0.146 0.09027777777777778
20 0.152 0.3125 0.206 0.20833333333333334
11 0.35586 0.1711527777777778 0.09743 0.09230555555555554
11 0.80429 0.0947361111111111 0.25429 0.05454166666666667
11 0.93057 0.4881111111111111 0.07029 0.138125
11 0.21056999999999998 0.66475 0.15256999999999998 0.17872222222222223