12 0.3575 0.1736111111111111 0.107 0.09722222222222222
12 0.9345 0.4826388888888889 0.075 0.1486111111111111
17 0.2875 0.38680555555555557 0.037 0.0375
16 0.204 0.11736111111111111 0.12 0.11527777777777778
13 0.502 0.09375 0.318 0.059722222222222225
13 0.8055 0.09444444444444444 0.253 0.05555555555555555
13 0.584 0.9208333333333333 0.258 0.05555555555555555
17 0.2215 0.19027777777777777 0.037 0.027777777777777776
17 0.286 0.2875 0.034 0.025
17 0.3645 0.4576388888888889 0.033 0.02638888888888889
4 0.2905 0.1701388888888889 0.029 0.09583333333333334
4 0.865 0.48680555555555555 0.028 0.09027777777777778
5 0.2845 0.24444444444444444 0.037 0.019444444444444445
5 0.474 0.20208333333333334 0.036 0.02638888888888889
5 0.276 0.4527777777777778 0.038 0.025
5 0.325 0.4576388888888889 0.036 0.02361111111111111
5 0.405 0.4583333333333333 0.032 0.022222222222222223
5 0.474 0.425 0.036 0.025
5 0.474 0.45208333333333334 0.036 0.02361111111111111
5 0.4445 0.7048611111111112 0.015 0.05416666666666667
5 0.355 0.7048611111111112 0.02 0.05416666666666667
8 0.4735 0.24375 0.051 0.02638888888888889
8 0.473 0.33194444444444443 0.054 0.025
8 0.4725 0.3763888888888889 0.051 0.027777777777777776
8 0.851 0.3368055555555556 0.05 0.029166666666666667
10 0.395 0.9194444444444444 0.09 0.044444444444444446
3 0.3755 0.36875 0.077 0.10416666666666667
6 0.361 0.5145833333333333 0.142 0.09027777777777778
19 0.229 0.5104166666666666 0.042 0.059722222222222225
15 0.22 0.6743055555555556 0.146 0.1625
21 0.3635 0.6166666666666667 0.071 0.05277777777777778
9 0.401 0.7041666666666667 0.052 0.058333333333333334
7 0.177 0.5131944444444444 0.05 0.10694444444444444
18 0.4735 0.28888888888888886 0.039 0.06111111111111111
18 0.8515 0.38680555555555557 0.039 0.059722222222222225
18 0.475 0.5583333333333333 0.038 0.06388888888888888
2 0.701 0.6854166666666667 0.446 0.18472222222222223
1 0.4485 0.8104166666666667 0.079 0.13194444444444445
11 0.16913999999999998 0.3212083333333334 0.20113999999999999 0.23369444444444443
11 0.19986 0.8761249999999999 0.19686 0.20066666666666666
11 0.28629000000000004 0.33309722222222227 0.03543 0.06698611111111111
11 0.35714 0.8128055555555556 0.09714 0.13355555555555554
11 0.63786 0.5379166666666667 0.05 0.06393055555555556
11 0.83686 0.9225555555555556 0.19371000000000002 0.0633611111111111