17 0.364 0.4583333333333333 0.034 0.027777777777777776
9 0.399 0.7041666666666667 0.054 0.06666666666666667
17 0.2865 0.3861111111111111 0.039 0.03611111111111111
20 0.1505 0.31319444444444444 0.207 0.20694444444444443
17 0.221 0.1909722222222222 0.036 0.029166666666666667
4 0.2885 0.1701388888888889 0.027 0.0875
4 0.864 0.4861111111111111 0.024 0.08888888888888889
5 0.473 0.20208333333333334 0.042 0.020833333333333332
5 0.285 0.24444444444444444 0.038 0.027777777777777776
5 0.277 0.45208333333333334 0.042 0.02638888888888889
5 0.3255 0.45694444444444443 0.037 0.025
5 0.4055 0.4576388888888889 0.035 0.02638888888888889
5 0.473 0.42569444444444443 0.034 0.020833333333333332
5 0.4735 0.4527777777777778 0.037 0.022222222222222223
5 0.445 0.7041666666666667 0.018 0.05555555555555555
5 0.3565 0.7041666666666667 0.017 0.05277777777777778
7 0.1765 0.5090277777777777 0.051 0.10416666666666667
19 0.2285 0.5097222222222222 0.047 0.058333333333333334
15 0.2195 0.6763888888888889 0.137 0.15833333333333333
14 0.195 0.8381944444444445 0.178 0.16527777777777777
1 0.3555 0.8118055555555556 0.087 0.13472222222222222
13 0.585 0.9229166666666667 0.256 0.059722222222222225
13 0.837 0.9222222222222223 0.194 0.058333333333333334
13 0.501 0.09305555555555556 0.318 0.05555555555555555
13 0.8045 0.09444444444444444 0.255 0.05555555555555555
8 0.8515 0.33541666666666664 0.053 0.03194444444444444
8 0.473 0.24305555555555555 0.048 0.022222222222222223
8 0.474 0.3333333333333333 0.05 0.027777777777777776
8 0.474 0.3770833333333333 0.05 0.02638888888888889
18 0.286 0.3333333333333333 0.042 0.06111111111111111
18 0.474 0.2875 0.038 0.06388888888888888
18 0.851 0.3854166666666667 0.038 0.059722222222222225
18 0.4745 0.5548611111111111 0.043 0.06527777777777778
0 0.638 0.5388888888888889 0.052 0.03888888888888889
6 0.362 0.5173611111111112 0.14 0.09305555555555556
2 0.701 0.6854166666666667 0.442 0.1763888888888889
11 0.20157 0.12034722222222223 0.13171000000000002 0.13355555555555554
11 0.36729 0.6196944444444444 0.10886 0.08461111111111111
11 0.39 0.9189722222222222 0.11143 0.06415277777777778
11 0.44471 0.8098333333333334 0.08657 0.12362500000000001
11 0.35614 0.17174999999999999 0.10143 0.09745833333333334
11 0.93086 0.4895 0.06743 0.14170833333333333