4 0.8645 0.48541666666666666 0.041 0.09861111111111111
19 0.2275 0.5118055555555555 0.047 0.059722222222222225
6 0.3585 0.5166666666666667 0.153 0.08888888888888889
8 0.475 0.34097222222222223 0.054 0.0375
7 0.171 0.5055555555555555 0.06 0.11944444444444445
16 0.205 0.11527777777777778 0.128 0.12222222222222222
17 0.2205 0.19166666666666668 0.041 0.03333333333333333
17 0.2875 0.2902777777777778 0.033 0.025
17 0.2875 0.3875 0.031 0.022222222222222223
5 0.2855 0.2465277777777778 0.041 0.02361111111111111
5 0.474 0.20347222222222222 0.034 0.018055555555555554
5 0.2765 0.4527777777777778 0.039 0.022222222222222223
5 0.3245 0.4576388888888889 0.039 0.020833333333333332
5 0.405 0.45625 0.036 0.020833333333333332
5 0.474 0.425 0.034 0.022222222222222223
5 0.4735 0.45416666666666666 0.035 0.022222222222222223
5 0.356 0.7041666666666667 0.022 0.04722222222222222
5 0.4445 0.7055555555555556 0.019 0.05277777777777778
18 0.2875 0.33541666666666664 0.041 0.059722222222222225
18 0.474 0.2902777777777778 0.042 0.05555555555555555
18 0.8515 0.3861111111111111 0.039 0.058333333333333334
18 0.4745 0.5548611111111111 0.039 0.0625
15 0.213 0.6722222222222223 0.14 0.15833333333333333
21 0.3635 0.6166666666666667 0.073 0.04722222222222222
9 0.3995 0.7048611111111112 0.049 0.05694444444444444
1 0.3565 0.8076388888888889 0.085 0.13472222222222222
1 0.444 0.8083333333333333 0.082 0.1361111111111111
2 0.701 0.6847222222222222 0.446 0.18611111111111112
8 0.4735 0.24375 0.053 0.03194444444444444
8 0.474 0.3770833333333333 0.048 0.02638888888888889
8 0.8515 0.33958333333333335 0.051 0.029166666666666667
3 0.3755 0.36875 0.073 0.10138888888888889
13 0.499 0.09305555555555556 0.316 0.058333333333333334
13 0.805 0.09027777777777778 0.252 0.058333333333333334
13 0.583 0.9229166666666667 0.258 0.05694444444444444
13 0.837 0.9243055555555556 0.194 0.059722222222222225
10 0.3955 0.9201388888888888 0.089 0.04861111111111111
14 0.1935 0.8361111111111111 0.181 0.1638888888888889
0 0.6385 0.5381944444444444 0.045 0.043055555555555555
12 0.9325 0.4875 0.065 0.1388888888888889
12 0.3555 0.17152777777777778 0.093 0.09027777777777778
11 0.17386000000000001 0.3277638888888889 0.18486000000000002 0.21106944444444445
11 0.28886 0.17393055555555556 0.03257 0.08991666666666666