10 0.394 0.9104166666666667 0.09 0.06527777777777778
17 0.221 0.1909722222222222 0.036 0.029166666666666667
17 0.286 0.28888888888888886 0.03 0.025
17 0.2855 0.3902777777777778 0.033 0.019444444444444445
17 0.363 0.45625 0.03 0.018055555555555554
5 0.286 0.24583333333333332 0.038 0.022222222222222223
5 0.2765 0.45208333333333334 0.039 0.029166666666666667
5 0.3255 0.4548611111111111 0.035 0.02638888888888889
5 0.4045 0.45625 0.035 0.02361111111111111
5 0.4735 0.4236111111111111 0.037 0.027777777777777776
5 0.4735 0.4534722222222222 0.035 0.02361111111111111
5 0.474 0.2 0.038 0.025
5 0.3565 0.7048611111111112 0.015 0.04861111111111111
5 0.4445 0.7034722222222223 0.017 0.05138888888888889
15 0.219 0.6715277777777777 0.136 0.1597222222222222
9 0.399 0.70625 0.05 0.05138888888888889
1 0.353 0.8083333333333333 0.084 0.13333333333333333
1 0.4435 0.8097222222222222 0.085 0.13333333333333333
0 0.637 0.5381944444444444 0.048 0.04027777777777778
18 0.4745 0.28888888888888886 0.041 0.06111111111111111
18 0.2865 0.33402777777777776 0.039 0.0625
18 0.851 0.3875 0.04 0.058333333333333334
18 0.474 0.5569444444444445 0.042 0.06111111111111111
4 0.288 0.16875 0.03 0.09305555555555556
4 0.863 0.4861111111111111 0.03 0.09444444444444444
12 0.355 0.16875 0.096 0.09305555555555556
12 0.932 0.48541666666666666 0.068 0.13472222222222222
8 0.8515 0.33541666666666664 0.049 0.02638888888888889
8 0.475 0.24305555555555555 0.048 0.019444444444444445
8 0.4745 0.3333333333333333 0.047 0.030555555555555555
8 0.4725 0.3763888888888889 0.049 0.025
13 0.5015 0.09236111111111112 0.319 0.05416666666666667
13 0.804 0.09236111111111112 0.258 0.0625
13 0.5835 0.9229166666666667 0.259 0.06527777777777778
13 0.837 0.9243055555555556 0.194 0.05694444444444444
14 0.194 0.8388888888888889 0.182 0.16111111111111112
20 0.1515 0.3111111111111111 0.203 0.20833333333333334
11 0.20229 0.11716666666666667 0.13029 0.12719444444444444
11 0.37543 0.3674305555555556 0.07657 0.09995833333333333
11 0.18 0.5079583333333334 0.05143 0.12702777777777777
11 0.23329 0.5117222222222222 0.052289999999999996 0.10677777777777778
11 0.36386 0.5188611111111111 0.14771 0.08931944444444445
11 0.36913999999999997 0.6238611111111111 0.08685999999999999 0.07311111111111111
11 0.70286 0.6829999999999999 0.43429 0.08822222222222223