20 0.13 0.30972222222222223 0.208 0.2111111111111111
16 0.1855 0.11458333333333333 0.121 0.10972222222222222
14 0.1725 0.8458333333333333 0.185 0.17222222222222222
1 0.3375 0.8145833333333333 0.087 0.12916666666666668
1 0.429 0.8152777777777778 0.082 0.13333333333333333
2 0.6835 0.6833333333333333 0.449 0.18333333333333332
6 0.3435 0.5159722222222223 0.141 0.08472222222222223
5 0.4555 0.42291666666666666 0.037 0.02361111111111111
5 0.4565 0.4527777777777778 0.035 0.019444444444444445
5 0.258 0.4513888888888889 0.036 0.022222222222222223
5 0.3065 0.45694444444444443 0.035 0.025
5 0.3855 0.4576388888888889 0.037 0.018055555555555554
5 0.265 0.24166666666666667 0.036 0.025
5 0.455 0.19583333333333333 0.046 0.027777777777777776
5 0.337 0.70625 0.02 0.05416666666666667
5 0.4265 0.7034722222222223 0.021 0.04861111111111111
15 0.195 0.6673611111111111 0.146 0.16805555555555557
7 0.1555 0.5118055555555555 0.049 0.10416666666666667
19 0.2095 0.5097222222222222 0.045 0.058333333333333334
18 0.4555 0.2881944444444444 0.041 0.05694444444444444
18 0.2665 0.33125 0.039 0.0625
18 0.837 0.38333333333333336 0.044 0.058333333333333334
18 0.455 0.5569444444444445 0.042 0.05555555555555555
10 0.3765 0.9229166666666667 0.087 0.05138888888888889
9 0.381 0.7055555555555556 0.052 0.058333333333333334
21 0.3425 0.6152777777777778 0.083 0.06388888888888888
13 0.48342 0.08819444444444445 0.323 0.05138888888888889
13 0.78992 0.08958333333333333 0.26 0.05416666666666667
13 0.5654199999999999 0.9270833333333334 0.259 0.05416666666666667
13 0.82092 0.9270833333333334 0.192 0.05416666666666667
0 0.62242 0.5381944444444444 0.047 0.043055555555555555
4 0.84892 0.48541666666666666 0.032 0.09305555555555556
4 0.26842 0.1673611111111111 0.033 0.09027777777777778
17 0.26642 0.3861111111111111 0.031 0.022222222222222223
17 0.263 0.28541666666666665 0.036 0.02361111111111111
17 0.201 0.18680555555555556 0.036 0.029166666666666667
12 0.9185 0.48680555555555555 0.063 0.13194444444444445
12 0.336 0.16666666666666666 0.094 0.09166666666666666
17 0.3445 0.45694444444444443 0.029 0.025
3 0.3555 0.3680555555555556 0.077 0.10277777777777777
8 0.4545 0.24097222222222223 0.053 0.02638888888888889
8 0.4555 0.33055555555555555 0.049 0.025
8 0.455 0.37569444444444444 0.052 0.02638888888888889
8 0.837 0.33611111111111114 0.052 0.025