16 0.18686000000000003 0.11340277777777778 0.12229000000000001 0.11568055555555556
20 0.13 0.31009722222222225 0.20857 0.21145833333333333
7 0.15586000000000003 0.5117222222222222 0.06314 0.12266666666666666
15 0.19286 0.6649583333333333 0.14 0.1592638888888889
14 0.16671 0.8443750000000001 0.21056999999999998 0.18477777777777776
1 0.33229000000000003 0.8104305555555555 0.09886 0.14466666666666667
1 0.42971 0.8064583333333333 0.08229 0.13672222222222222
2 0.68914 0.6879722222222222 0.44114 0.17356944444444444
13 0.48686 0.08758333333333333 0.32229 0.056124999999999994
13 0.79057 0.08818055555555555 0.26114 0.06129166666666667
13 0.56771 0.9273194444444444 0.26114 0.057013888888888885
13 0.82271 0.9263194444444445 0.19686 0.05898611111111111
18 0.45557 0.2846666666666667 0.03971 0.065375
18 0.26771 0.33111111111111113 0.03829 0.07095833333333333
18 0.45671 0.5555833333333333 0.042 0.06354166666666666
18 0.8384299999999999 0.38311111111111107 0.03971 0.05590277777777778
12 0.91886 0.4851388888888889 0.06629 0.1409027777777778
12 0.33614 0.16777777777777778 0.098 0.08951388888888889
4 0.26943 0.1669861111111111 0.030289999999999997 0.08793055555555555
4 0.85029 0.4857222222222223 0.032 0.09843055555555556
6 0.34370999999999996 0.5164861111111111 0.14457 0.08455555555555556
9 0.38186000000000003 0.7060138888888888 0.052289999999999996 0.05490277777777778
21 0.34557 0.6149305555555555 0.07686 0.07508333333333334
19 0.20957 0.5109305555555556 0.04486 0.05756944444444445
17 0.20257 0.18622222222222223 0.033710000000000004 0.027208333333333334
17 0.26657 0.38548611111111114 0.036 0.028916666666666667
17 0.26586000000000004 0.28406944444444443 0.03743 0.028458333333333332
8 0.45471 0.3317083333333333 0.05514 0.028486111111111115
17 0.34343 0.45534722222222224 0.03543 0.025777777777777774
0 0.62329 0.5396944444444445 0.04943 0.04765277777777778
10 0.37643 0.9255277777777777 0.09286 0.07327777777777778
3 0.35470999999999997 0.3650555555555555 0.08370999999999999 0.11106944444444444
11 0.30186 0.45355555555555555 0.04086 0.026166666666666668
11 0.25886000000000003 0.45218055555555553 0.03771 0.035291666666666666
11 0.33970999999999996 0.7036388888888889 0.02229 0.050125
11 0.42671 0.7030416666666667 0.022 0.060847222222222226
11 0.454 0.3719861111111111 0.04514 0.033666666666666664
11 0.45629000000000003 0.42359722222222224 0.03829 0.025763888888888888
11 0.45714 0.4519722222222222 0.03429 0.023