16 0.19113999999999998 0.10605555555555556 0.12514 0.12084722222222223
13 0.48713999999999996 0.07786111111111112 0.31714 0.056513888888888884
13 0.79343 0.07925 0.25543 0.06326388888888888
13 0.56971 0.9158055555555555 0.25943 0.057791666666666665
13 0.82286 0.9165972222222223 0.19429 0.059375
20 0.13713999999999998 0.2987777777777778 0.20571 0.20868055555555556
7 0.15971000000000002 0.4990277777777778 0.06229 0.11948611111111111
15 0.201 0.6605833333333333 0.142 0.1584722222222222
19 0.21286000000000002 0.5005972222222222 0.04286 0.05279166666666667
6 0.34629000000000004 0.5089444444444444 0.144 0.09329166666666668
3 0.35786 0.35770833333333335 0.08429 0.11622222222222223
2 0.69014 0.6786527777777778 0.446 0.18269444444444444
18 0.83814 0.37676388888888884 0.04486 0.059069444444444445
18 0.46 0.2769305555555555 0.04 0.06179166666666667
18 0.45829000000000003 0.5482361111111111 0.03657 0.06869444444444445
18 0.27 0.3243611111111111 0.04286 0.06538888888888889
4 0.27429000000000003 0.15784722222222222 0.03429 0.09348611111111112
4 0.8508600000000001 0.478375 0.03314 0.08770833333333333
12 0.9182899999999999 0.4756111111111111 0.06514 0.13772222222222222
12 0.34114 0.15884722222222222 0.09943 0.0915
17 0.20786000000000002 0.17987499999999998 0.03 0.030375000000000003
17 0.272 0.2763333333333333 0.02971 0.024875
17 0.272 0.37556944444444446 0.02971 0.032875
17 0.352 0.4472083333333333 0.02971 0.029347222222222222
0 0.6255700000000001 0.5283888888888889 0.042570000000000004 0.044875000000000005
21 0.34714 0.6051944444444445 0.08286 0.07548611111111111
9 0.38456999999999997 0.6959027777777778 0.06057 0.06243055555555556
1 0.33986 0.7967361111111111 0.09743 0.14347222222222222
1 0.43571 0.7977222222222222 0.08857 0.135125
14 0.176 0.8316666666666666 0.192 0.17523611111111112
10 0.37957 0.912625 0.09343000000000001 0.06731944444444445
8 0.45957 0.32356944444444447 0.04771 0.03205555555555555