16 0.19043000000000002 0.10981944444444444 0.12657 0.11647222222222223
20 0.13686 0.3013611111111111 0.21086000000000002 0.2098611111111111
13 0.48957 0.07845833333333334 0.31914 0.06168055555555555
13 0.79214 0.08281944444444445 0.25571 0.06247222222222222
13 0.57029 0.9132222222222222 0.26056999999999997 0.05659722222222222
13 0.82614 0.9158055555555555 0.19229 0.057791666666666665
2 0.68886 0.6728888888888889 0.44629 0.17515277777777777
3 0.35943 0.3604861111111111 0.09029000000000001 0.11384722222222222
6 0.34757 0.5041805555555555 0.14371 0.08376388888888889
0 0.626 0.5265972222222222 0.04629 0.045263888888888895
18 0.83829 0.37377777777777776 0.04229 0.06502777777777778
18 0.45786 0.2809027777777778 0.044289999999999996 0.06973611111111111
18 0.458 0.54725 0.041710000000000004 0.07068055555555555
18 0.27257 0.32356944444444447 0.04229 0.06380555555555555
4 0.27570999999999996 0.16083333333333333 0.03143 0.08752777777777779
4 0.84957 0.4755972222222222 0.03343 0.09009722222222223
12 0.91971 0.47838888888888886 0.06229 0.13534722222222223
12 0.34086 0.1592361111111111 0.09314 0.08434722222222221
15 0.20057 0.6558194444444444 0.13829 0.16165277777777778
21 0.34786 0.6063888888888889 0.07686 0.06991666666666667
9 0.38486000000000004 0.6949027777777778 0.05543 0.06441666666666666
1 0.34043 0.8001111111111112 0.08943000000000001 0.1398888888888889
1 0.43213999999999997 0.7985138888888889 0.08429 0.13672222222222222
17 0.20686000000000002 0.1818611111111111 0.03657 0.026416666666666665
17 0.27057 0.27811111111111114 0.03257 0.02448611111111111
17 0.26914 0.3791388888888889 0.03543 0.03208333333333334
17 0.34786 0.44740277777777776 0.03571 0.025777777777777774
8 0.46086 0.3670277777777778 0.04743 0.02770833333333333
5 0.459 0.412875 0.03514 0.02813888888888889
19 0.21271 0.498625 0.04543 0.056763888888888885
14 0.17543 0.8274999999999999 0.19086 0.170875
7 0.16113999999999998 0.5021944444444444 0.05943 0.10359722222222223
10 0.37914 0.9120277777777778 0.08971 0.06215277777777778
11 0.8374299999999999 0.32613888888888887 0.04629 0.03325
11 0.34157 0.6929166666666666 0.02314 0.052513888888888895
11 0.43 0.6937083333333334 0.02 0.05409722222222223
11 0.26129 0.4418472222222222 0.03514 0.03052777777777778
11 0.31013999999999997 0.44423611111111116 0.04029 0.035291666666666666
11 0.27229000000000003 0.23465277777777777 0.036 0.028819444444444446
11 0.45857 0.3251527777777778 0.04286 0.035222222222222224
11 0.45786 0.19138888888888891 0.044289999999999996 0.03276388888888889
11 0.45886 0.22929166666666667 0.04914 0.03001388888888889