16 0.19186 0.10447222222222222 0.12371 0.11766666666666667
20 0.13829 0.30195833333333333 0.208 0.21502777777777776
7 0.16086 0.5006111111111111 0.06456999999999999 0.11630555555555555
15 0.202 0.6601944444444444 0.14686000000000002 0.1656111111111111
19 0.21656999999999998 0.5011944444444445 0.04457 0.05795833333333333
6 0.34970999999999997 0.5065555555555556 0.13943 0.09805555555555555
13 0.57186 0.9173888888888888 0.25514 0.06097222222222222
13 0.82514 0.9158055555555555 0.19886 0.057791666666666665
4 0.27370999999999995 0.16002777777777777 0.03314 0.08594444444444445
4 0.85029 0.47758333333333336 0.032 0.086125
18 0.46070999999999995 0.27752777777777776 0.03857 0.06695833333333333
18 0.27143 0.32416666666666666 0.04 0.06897222222222221
18 0.8384299999999999 0.3745833333333333 0.03971 0.06661111111111111
18 0.45886 0.5466527777777778 0.03771 0.06552777777777778
21 0.34943 0.6073888888888889 0.076 0.06794444444444445
9 0.38643 0.6960972222222223 0.05 0.058861111111111114
10 0.37986000000000003 0.9080694444444444 0.08829000000000001 0.07009722222222223
17 0.20686000000000002 0.17908333333333332 0.03657 0.028791666666666667
17 0.27129000000000003 0.2759305555555555 0.03114 0.03202777777777777
17 0.272 0.37675 0.02971 0.02731944444444445
17 0.34814 0.4466111111111111 0.03057 0.024180555555555556
5 0.458 0.41486111111111107 0.041710000000000004 0.04004166666666666
3 0.35786 0.35791666666666666 0.082 0.11265277777777778
2 0.689 0.6762638888888889 0.44371 0.17793055555555556
12 0.34129000000000004 0.16002777777777777 0.09686 0.08594444444444445
12 0.91886 0.47659722222222217 0.06629 0.1357361111111111
11 0.20029 0.8679861111111111 0.16629 0.18836111111111112
11 0.33957 0.8026805555555555 0.082 0.12520833333333334
11 0.42343000000000003 0.8098333333333334 0.08114 0.12362500000000001
11 0.34270999999999996 0.693125 0.02543 0.06481944444444444
11 0.42713999999999996 0.6933194444444445 0.02571 0.061236111111111116
11 0.26371 0.44543055555555555 0.041710000000000004 0.029736111111111112
11 0.30971 0.4464166666666667 0.03657 0.02775
11 0.38914 0.44740277777777776 0.03543 0.025777777777777774
11 0.48957 0.08123611111111112 0.31914 0.05930555555555556
11 0.78914 0.08223611111111111 0.25257 0.05731944444444445
11 0.624 0.5321527777777777 0.048 0.0405
11 0.27143 0.2328611111111111 0.04 0.029222222222222222