16 0.19143000000000002 0.10545833333333335 0.12 0.11568055555555556
20 0.13643 0.3013611111111111 0.20714 0.2098611111111111
7 0.16071000000000002 0.5021944444444444 0.05571 0.10359722222222223
19 0.21356999999999998 0.5011944444444445 0.04143 0.05795833333333333
15 0.20686000000000002 0.6560138888888889 0.13943 0.16125
14 0.17386000000000001 0.8324583333333333 0.19629 0.17683333333333331
12 0.33986 0.16004166666666667 0.09971 0.08911111111111111
12 0.92114 0.47679166666666667 0.05943 0.13216666666666665
3 0.35943 0.3604861111111111 0.07886 0.11384722222222222
6 0.34643 0.5083472222222222 0.14143 0.08812500000000001
2 0.68971 0.6772638888888889 0.44229 0.17594444444444446
21 0.34670999999999996 0.608375 0.07914 0.06595833333333334
9 0.38571 0.6965 0.05143 0.06759722222222223
10 0.38186000000000003 0.9112361111111111 0.08657 0.06056944444444445
11 0.83629 0.32575 0.044 0.040388888888888884
11 0.45943 0.5444722222222222 0.03886 0.05718055555555556
11 0.62214 0.5277916666666667 0.04714 0.03970833333333333
11 0.33870999999999996 0.6929166666666666 0.02886 0.052513888888888895
11 0.42686 0.6943055555555555 0.01943 0.06561111111111112
11 0.34870999999999996 0.8030833333333334 0.07743000000000001 0.11806944444444445
11 0.26943 0.32079166666666664 0.041710000000000004 0.08206944444444444
11 0.27657 0.16340277777777779 0.02743 0.08872222222222223
11 0.26586000000000004 0.43906944444444446 0.03743 0.032916666666666664
11 0.56929 0.9177916666666666 0.25571 0.05383333333333333
11 0.82629 0.9134166666666667 0.18971000000000002 0.05302777777777778
11 0.791 0.08143055555555556 0.25343 0.05572222222222222
11 0.27314 0.37952777777777774 0.043429999999999996 0.024944444444444446
11 0.8457100000000001 0.47758333333333336 0.03429 0.086125