16 0.18943000000000002 0.10804166666666667 0.12171 0.116875
20 0.13771 0.30215277777777777 0.20686000000000002 0.21145833333333333
12 0.33943 0.15963888888888889 0.096 0.09308333333333332
12 0.92014 0.47481944444444446 0.066 0.1361388888888889
3 0.35886 0.3600972222222222 0.07770999999999999 0.11781944444444445
2 0.68986 0.6760694444444444 0.43971 0.18150000000000002
6 0.349 0.5107361111111112 0.14086 0.09288888888888888
7 0.16 0.4994166666666666 0.05714 0.10598611111111111
15 0.20329 0.659 0.14657 0.17116666666666666
19 0.21356999999999998 0.5014027777777778 0.04143 0.07026388888888889
21 0.34986 0.6077777777777779 0.07970999999999999 0.060791666666666674
9 0.38571 0.6919305555555556 0.05143 0.07037500000000001
10 0.38157 0.9104444444444444 0.09171 0.05898611111111111
14 0.17429 0.8298888888888889 0.18857 0.17563888888888887
11 0.48886 0.08243055555555556 0.32056999999999997 0.053750000000000006
11 0.57029 0.9150138888888888 0.26056999999999997 0.05620833333333333
11 0.27357 0.15944444444444444 0.03571 0.08077777777777777
11 0.83614 0.37636111111111115 0.04657 0.06622222222222222
11 0.45529000000000003 0.28229166666666666 0.04486 0.07648611111111112
11 0.62514 0.5309722222222223 0.05029 0.04606944444444445
11 0.462 0.5516111111111112 0.03829 0.05559722222222222
11 0.343 0.7951388888888888 0.07743000000000001 0.13394444444444445
11 0.42343000000000003 0.8022916666666666 0.08114 0.1323611111111111
11 0.46270999999999995 0.3656388888888889 0.04829 0.036833333333333336
11 0.8517100000000001 0.47420833333333334 0.02914 0.09922222222222223