16 0.18871000000000002 0.10505555555555555 0.12314 0.10694444444444444
20 0.13443 0.300375 0.20886000000000002 0.21184722222222221
6 0.349 0.5061666666666667 0.14086 0.09566666666666666
7 0.15886 0.49743055555555554 0.05486 0.10994444444444444
15 0.204 0.6572083333333333 0.13371 0.15569444444444444
19 0.21471 0.498625 0.04371 0.056763888888888885
14 0.17586000000000002 0.8259166666666666 0.19457 0.170875
21 0.34886 0.6089722222222222 0.07486 0.05523611111111112
9 0.38543 0.6947083333333334 0.05657 0.06798611111111111
10 0.38043 0.9094583333333333 0.08943000000000001 0.06097222222222222
2 0.68714 0.6760694444444444 0.44286000000000003 0.18150000000000002
3 0.35886 0.3585 0.07770999999999999 0.10193055555555555
12 0.33986 0.15805555555555556 0.09971 0.08990277777777779
12 0.92086 0.47759722222222223 0.06456999999999999 0.13375
11 0.48857 0.08143055555555556 0.31429 0.05572222222222222
11 0.79243 0.08104166666666666 0.25057 0.062875
11 0.57014 0.9150138888888888 0.26314 0.05620833333333333
11 0.82314 0.9169861111111112 0.18913999999999997 0.04588888888888889
11 0.83629 0.3757638888888889 0.044 0.06105555555555556
11 0.45643 0.2799027777777778 0.04714 0.07172222222222223
11 0.27029000000000003 0.32416666666666666 0.03771 0.06897222222222221
11 0.46257 0.550625 0.03943 0.057583333333333334
11 0.6234299999999999 0.5283888888888889 0.04686 0.044875000000000005
11 0.34386 0.8014861111111112 0.07343000000000001 0.11488888888888889
11 0.41929 0.8020833333333334 0.08714 0.12005555555555555
11 0.84914 0.4736111111111111 0.032 0.09405555555555556