16 0.19143000000000002 0.10684722222222223 0.12 0.10655555555555556
20 0.13671 0.30374999999999996 0.21343 0.21463888888888888
12 0.33870999999999996 0.15904166666666666 0.09743 0.08793055555555555
12 0.9202899999999999 0.4773888888888889 0.06343 0.13733333333333334
2 0.68657 0.6784444444444445 0.44171 0.1703888888888889
3 0.35929 0.3583055555555556 0.08143 0.1055
7 0.16057 0.5035833333333333 0.06057 0.11034722222222222
15 0.20529 0.6601944444444444 0.14486000000000002 0.1656111111111111
14 0.17886000000000002 0.8280972222222223 0.18628999999999998 0.17602777777777778
6 0.351 0.5075555555555555 0.13913999999999999 0.08654166666666667
21 0.34814 0.6040138888888889 0.07629000000000001 0.06515277777777777
9 0.38229 0.6955 0.056 0.06958333333333333
10 0.38086000000000003 0.9078611111111111 0.09314 0.057791666666666665
11 0.27314 0.15844444444444444 0.032 0.09863888888888889
11 0.84857 0.47281944444444446 0.04 0.09247222222222222
11 0.8377100000000001 0.3759722222222222 0.04114 0.07336111111111111
11 0.45629000000000003 0.27911111111111114 0.049710000000000004 0.07013888888888889
11 0.272 0.32595833333333335 0.04114 0.06856944444444445
11 0.34257 0.8016944444444445 0.08514000000000001 0.12719444444444444
11 0.42613999999999996 0.8078472222222222 0.078 0.12759722222222222
11 0.62629 0.5283888888888889 0.04114 0.044875000000000005
11 0.45943 0.5470416666666666 0.03886 0.058375
11 0.343 0.6889583333333333 0.02029 0.060444444444444446
11 0.42943000000000003 0.6945138888888889 0.01886 0.05568055555555556
11 0.49157 0.076875 0.31743 0.058499999999999996
11 0.79143 0.08083333333333334 0.25714 0.05056944444444444
11 0.57314 0.9165972222222223 0.25486000000000003 0.05938888888888889
11 0.82457 0.9134166666666667 0.19771 0.05302777777777778