2 0.6845 0.6840277777777778 0.447 0.17916666666666667
14 0.168 0.8416666666666667 0.198 0.18055555555555555
16 0.185 0.11388888888888889 0.122 0.11388888888888889
17 0.2015 0.1875 0.035 0.030555555555555555
17 0.2655 0.2861111111111111 0.031 0.025
17 0.2655 0.3861111111111111 0.031 0.022222222222222223
17 0.343 0.4576388888888889 0.034 0.02638888888888889
5 0.265 0.24375 0.042 0.029166666666666667
5 0.4555 0.19930555555555557 0.039 0.020833333333333332
5 0.4545 0.42430555555555555 0.037 0.02361111111111111
5 0.4555 0.4513888888888889 0.037 0.025
5 0.3855 0.45694444444444443 0.037 0.022222222222222223
5 0.257 0.4527777777777778 0.034 0.022222222222222223
5 0.3065 0.45694444444444443 0.035 0.025
5 0.3365 0.7083333333333334 0.019 0.05277777777777778
5 0.425 0.7076388888888889 0.02 0.05694444444444444
7 0.1565 0.5125 0.051 0.10833333333333334
19 0.2085 0.5125 0.045 0.058333333333333334
18 0.265 0.33125 0.04 0.06527777777777778
18 0.8355 0.38333333333333336 0.041 0.06111111111111111
18 0.4555 0.28680555555555554 0.043 0.059722222222222225
18 0.4555 0.5597222222222222 0.037 0.06388888888888888
8 0.454 0.24027777777777778 0.05 0.03333333333333333
8 0.8375 0.33611111111111114 0.049 0.030555555555555555
8 0.4545 0.33194444444444443 0.049 0.027777777777777776
8 0.454 0.37430555555555556 0.052 0.02638888888888889
4 0.2685 0.16805555555555557 0.025 0.09166666666666666
4 0.8485 0.48680555555555555 0.031 0.09027777777777778
12 0.3355 0.16666666666666666 0.097 0.08888888888888889
12 0.919 0.48541666666666666 0.066 0.1375
13 0.4835 0.08819444444444445 0.323 0.05694444444444444
13 0.79 0.08958333333333333 0.262 0.05694444444444444
13 0.567 0.9263888888888889 0.26 0.05555555555555555
13 0.821 0.9270833333333334 0.196 0.05694444444444444
21 0.3445 0.6173611111111111 0.077 0.05694444444444444
9 0.381 0.7055555555555556 0.05 0.058333333333333334
6 0.344 0.5145833333333333 0.146 0.0875
0 0.6215 0.5402777777777777 0.047 0.041666666666666664
1 0.3365 0.8125 0.089 0.125
1 0.428 0.8125 0.082 0.12777777777777777
10 0.3765 0.9215277777777777 0.087 0.04583333333333333
20 0.1295 0.3111111111111111 0.205 0.20833333333333334
11 0.19429 0.6643611111111111 0.16 0.16998611111111112
11 0.35314 0.3650555555555555 0.07770999999999999 0.09519444444444446