16 0.19143000000000002 0.10387500000000001 0.12 0.1125
20 0.13729 0.30294444444444446 0.21456999999999998 0.21304166666666666
7 0.16057 0.4942638888888889 0.05829 0.11947222222222222
15 0.20214 0.6528472222222222 0.13286 0.15488888888888888
14 0.16913999999999998 0.83525 0.21256999999999998 0.20620833333333333
6 0.347 0.5077499999999999 0.14257 0.08297222222222222
3 0.36043000000000003 0.3600972222222222 0.08143 0.12098611111111111
2 0.69086 0.6766666666666666 0.44457 0.18666666666666668
12 0.91957 0.4754166666666667 0.06486 0.14129166666666668
12 0.33870999999999996 0.15686111111111112 0.09743 0.09547222222222221
21 0.34686 0.6077777777777779 0.088 0.060791666666666674
9 0.38529 0.6927222222222222 0.05914 0.07195833333333333
10 0.38171 0.90925 0.08914 0.06454166666666666
19 0.21514 0.5069583333333333 0.04743 0.06549999999999999
11 0.276 0.15686111111111112 0.02629 0.07958333333333333
11 0.48986 0.07905555555555556 0.314 0.05095833333333333
11 0.792 0.082625 0.25829 0.050166666666666665
11 0.56686 0.914611111111111 0.26514 0.06334722222222222
11 0.821 0.9165972222222223 0.19343000000000002 0.05938888888888889
11 0.8494299999999999 0.47420833333333334 0.036 0.08334722222222223
11 0.83814 0.3739861111111111 0.04486 0.06145833333333333
11 0.46086 0.27652777777777776 0.04743 0.06894444444444445
11 0.62286 0.526 0.04571 0.04011111111111111
11 0.33829000000000004 0.8076527777777778 0.09370999999999999 0.13116666666666665
11 0.42371 0.8068472222222222 0.08743000000000001 0.12958333333333333
11 0.27129000000000003 0.3184166666666667 0.042570000000000004 0.07094444444444445
11 0.46229000000000003 0.550625 0.03314 0.057583333333333334