16 0.18957 0.10387500000000001 0.11914 0.1125
20 0.13829 0.30056944444444444 0.21943000000000001 0.22415277777777776
12 0.33986 0.15805555555555556 0.09971 0.08990277777777779
12 0.92086 0.4750138888888889 0.06456999999999999 0.13256944444444446
6 0.349 0.5065555555555556 0.14543 0.08852777777777777
3 0.36057 0.36069444444444443 0.08114 0.11026388888888888
7 0.16057 0.5000138888888889 0.05829 0.11113888888888888
19 0.21514 0.49583333333333335 0.04743 0.05915277777777778
15 0.20129 0.6568194444444445 0.13686 0.16283333333333333
21 0.34657 0.6040138888888889 0.08170999999999999 0.08104166666666666
9 0.38614 0.6923333333333334 0.05514 0.07909722222222222
10 0.37943 0.9066805555555555 0.096 0.07922222222222222
2 0.68843 0.6760694444444444 0.44257 0.18150000000000002
14 0.17457 0.8292777777777778 0.19486 0.17048611111111112
11 0.27657 0.15765277777777778 0.02743 0.08118055555555556
11 0.8504299999999999 0.4761944444444445 0.02943 0.079375
11 0.8377100000000001 0.37477777777777777 0.04114 0.06304166666666666
11 0.45957 0.2795138888888889 0.04771 0.06298611111111112
11 0.27014 0.3247638888888889 0.04029 0.074125
11 0.32957 0.8026805555555555 0.09057 0.12520833333333334
11 0.42113999999999996 0.8018888888888889 0.088 0.12362500000000001
11 0.45943 0.5500277777777778 0.03886 0.05243055555555556
11 0.6245700000000001 0.5271944444444444 0.04914 0.05043055555555556
11 0.45943 0.36683333333333334 0.05029 0.03127777777777778
11 0.458 0.4124861111111111 0.041710000000000004 0.035277777777777776