16 0.18857 0.10644444444444444 0.12571 0.11369444444444445
20 0.136 0.30533333333333335 0.21486000000000002 0.21780555555555556
7 0.16 0.49922222222222223 0.05714 0.10955555555555554
19 0.21543 0.5029861111111111 0.04686 0.07344444444444445
12 0.34014 0.16043055555555558 0.09456999999999999 0.09468055555555556
12 0.91957 0.47461111111111115 0.06486 0.13970833333333335
3 0.36086 0.3616805555555556 0.076 0.10829166666666666
2 0.68786 0.6750833333333334 0.44143 0.18348611111111113
6 0.34629000000000004 0.504375 0.144 0.09605555555555555
21 0.34970999999999997 0.6095694444444444 0.08229 0.07944444444444444
9 0.384 0.6943194444444445 0.05943 0.0751388888888889
15 0.20243 0.6566111111111111 0.13913999999999999 0.1664027777777778
14 0.17786000000000002 0.8231388888888889 0.19286 0.17006944444444444
10 0.38014 0.9088611111111111 0.09456999999999999 0.07168055555555555
11 0.48971 0.08143055555555556 0.31657 0.05572222222222222
11 0.27570999999999996 0.16102777777777777 0.03143 0.08395833333333334
11 0.83629 0.3739861111111111 0.044 0.06145833333333333
11 0.85214 0.47461111111111115 0.03286 0.09206944444444445
11 0.45857 0.27494444444444444 0.04286 0.06576388888888889
11 0.62386 0.5275972222222223 0.05057 0.043277777777777776
11 0.46070999999999995 0.5498194444444444 0.03857 0.056
11 0.26671 0.32793055555555556 0.04486 0.06459722222222222
11 0.33657 0.8046666666666666 0.07886 0.12123611111111111
11 0.41943 0.8084444444444445 0.08456999999999999 0.116875
11 0.46043 0.3267361111111111 0.04371 0.03840277777777778
11 0.31414 0.4418472222222222 0.03686 0.03052777777777778
11 0.33814 0.6905416666666666 0.027710000000000002 0.063625
11 0.43113999999999997 0.6925277777777777 0.02229 0.059652777777777784