16 0.18971000000000002 0.10684722222222223 0.128 0.12243055555555557
20 0.13657 0.30533333333333335 0.216 0.21780555555555556
7 0.16043000000000002 0.49922222222222223 0.06086 0.10955555555555554
19 0.21456999999999998 0.4994166666666666 0.04629 0.05834722222222222
6 0.34829000000000004 0.5018055555555556 0.14229 0.094875
15 0.20157 0.6546388888888889 0.14314 0.170375
14 0.17971 0.8243194444444444 0.19371000000000002 0.18040277777777775
10 0.38086000000000003 0.9104444444444444 0.09314 0.05898611111111111
21 0.34857 0.6061944444444444 0.08 0.0735
9 0.38629 0.6966944444444445 0.05257 0.0640138888888889
3 0.36143000000000003 0.3599027777777778 0.07714 0.10868055555555556
2 0.68914 0.6760694444444444 0.44114 0.18150000000000002
12 0.34 0.15944444444444444 0.09714 0.087125
12 0.921 0.477 0.062 0.14447222222222222
11 0.456 0.2751388888888889 0.043429999999999996 0.07806944444444444
11 0.27086 0.3231805555555555 0.03886 0.07094444444444445
11 0.33957 0.802486111111111 0.082 0.12877777777777777
11 0.42086 0.8052638888888889 0.08170999999999999 0.12640277777777778
11 0.6225700000000001 0.5258055555555555 0.05771 0.04686111111111112
11 0.8354299999999999 0.37616666666666665 0.048 0.06979166666666667
11 0.45771 0.3622638888888889 0.04686 0.034055555555555554
11 0.46270999999999995 0.5420833333333334 0.03686 0.06829166666666667
11 0.82229 0.9136249999999999 0.19313999999999998 0.04945833333333333