16 0.188 0.10466666666666667 0.12456999999999999 0.11409722222222222
20 0.13786 0.3017638888888889 0.21571 0.2185972222222222
7 0.16186 0.4988194444444444 0.058 0.11669444444444443
19 0.21271 0.5008055555555555 0.04543 0.06509722222222222
12 0.34057 0.15963888888888889 0.09829 0.09308333333333332
12 0.9205800000000001 0.47045833333333337 0.06514 0.13851388888888888
3 0.35714 0.3555277777777778 0.08571 0.12376388888888888
2 0.68943 0.6788472222222222 0.44743 0.179125
6 0.34743 0.5037777777777778 0.14629 0.09090277777777778
15 0.20229 0.6562222222222223 0.14171 0.17355555555555555
14 0.17829 0.8271111111111111 0.19657 0.1938888888888889
21 0.34843 0.6077777777777779 0.08256999999999999 0.07031944444444445
9 0.38586000000000004 0.6966944444444445 0.060289999999999996 0.07990277777777778
10 0.38114 0.9088611111111111 0.09714 0.07486111111111111
11 0.27457 0.15844444444444444 0.02914 0.08276388888888889
11 0.8498600000000001 0.47580555555555554 0.02829 0.08651388888888889
11 0.83786 0.32613888888888887 0.05 0.03325
11 0.8407100000000001 0.3765555555555556 0.044289999999999996 0.06265277777777778
11 0.46 0.27970833333333334 0.04 0.059416666666666666
11 0.46229000000000003 0.2280972222222222 0.04457 0.035569444444444445
11 0.458 0.18880555555555556 0.041710000000000004 0.028402777777777777
11 0.271 0.319 0.036289999999999996 0.06658333333333333
11 0.45886 0.5420833333333334 0.03771 0.06829166666666667
11 0.626 0.5238194444444444 0.04629 0.04765277777777778
11 0.33570999999999995 0.693125 0.02571 0.048930555555555554
11 0.43143 0.6947083333333334 0.01714 0.052111111111111115
11 0.33614 0.80625 0.08657 0.12441666666666666
11 0.42313999999999996 0.80625 0.08629 0.12441666666666666
11 0.48943000000000003 0.07886111111111112 0.31029 0.05454166666666667
11 0.793 0.07886111111111112 0.25171 0.05454166666666667
11 0.46043 0.4176388888888889 0.03229 0.021791666666666668