16 0.19 0.10505555555555555 0.12286 0.10694444444444444
20 0.13813999999999999 0.30195833333333333 0.21056999999999998 0.21502777777777776
7 0.161 0.5004166666666667 0.05057 0.104
12 0.34057 0.15805555555555556 0.09829 0.08990277777777779
12 0.92114 0.47679166666666667 0.05943 0.13216666666666665
3 0.35943 0.36069444444444443 0.08114 0.11026388888888888
2 0.69 0.6794444444444444 0.44856999999999997 0.1842777777777778
15 0.20314 0.6584027777777778 0.13771 0.16601388888888888
14 0.18 0.8231388888888889 0.18857 0.17006944444444444
21 0.34829000000000004 0.6073888888888889 0.08514000000000001 0.06794444444444445
9 0.385 0.6949027777777778 0.05286 0.06441666666666666
10 0.38171 0.9094583333333333 0.08914 0.06097222222222222
19 0.21271 0.5045694444444445 0.04543 0.06073611111111111
0 0.624 0.5287916666666667 0.05943 0.05359722222222223
6 0.34686 0.5041805555555555 0.14514 0.09963888888888889