16 0.19043000000000002 0.102875 0.12657 0.11448611111111112
20 0.13657 0.30513888888888885 0.216 0.221375
12 0.34057 0.15865277777777778 0.09829 0.09506944444444444
12 0.92 0.4764027777777778 0.06856999999999999 0.13931944444444444
3 0.36113999999999996 0.3589027777777778 0.08229 0.11066666666666668
2 0.68914 0.6772638888888889 0.44114 0.17594444444444446
0 0.62414 0.527986111111111 0.05686 0.052013888888888894
6 0.34870999999999996 0.5089444444444444 0.146 0.09329166666666668
7 0.161 0.5018055555555556 0.062 0.11074999999999999
19 0.21656999999999998 0.5014027777777778 0.04457 0.06391666666666668
15 0.20743 0.6562222222222223 0.14057 0.15768055555555555
14 0.17414 0.8330555555555554 0.19113999999999998 0.1661111111111111
21 0.34643 0.6061944444444444 0.08429 0.07031944444444445
9 0.382 0.6927222222222222 0.06114 0.07195833333333333
10 0.38 0.9076666666666666 0.09714 0.06772222222222223