16 0.192 0.10744444444444444 0.12114 0.11170833333333334
20 0.13729 0.3033472222222222 0.21456999999999998 0.2217777777777778
7 0.16113999999999998 0.5025972222222223 0.05943 0.11233333333333333
19 0.213 0.49980555555555556 0.04029 0.06708333333333333
15 0.20229 0.6582083333333334 0.15314 0.16958333333333334
14 0.17943 0.826111111111111 0.19886 0.195875
6 0.34857 0.505375 0.14856999999999998 0.10995833333333334
12 0.33914 0.15983333333333333 0.10114 0.08951388888888889
12 0.91886 0.4764027777777778 0.06629 0.13931944444444444
3 0.36171 0.3599027777777778 0.08343 0.10868055555555556
2 0.688 0.6728888888888889 0.43886000000000003 0.17515277777777777
21 0.34886 0.606 0.08629 0.07706944444444444
9 0.38471 0.6935138888888889 0.058 0.07354166666666667
10 0.38571 0.9130277777777778 0.09714 0.06018055555555556
0 0.6234299999999999 0.5271944444444444 0.05829 0.05043055555555556