16 0.19171000000000002 0.10526388888888889 0.12629 0.11925
20 0.14 0.30513888888888885 0.21143 0.221375
7 0.16343000000000002 0.502 0.05257 0.10718055555555556
19 0.214 0.502 0.04514 0.059541666666666666
15 0.20414 0.6570138888888889 0.154 0.17513888888888887
3 0.36286 0.3587083333333333 0.08343 0.11423611111111111
0 0.6255700000000001 0.5291805555555555 0.054 0.06234722222222222
21 0.34970999999999997 0.6054027777777777 0.08229 0.07190277777777779
9 0.38529 0.6947083333333334 0.05914 0.06798611111111111
14 0.18086000000000002 0.8231388888888889 0.18456999999999998 0.17006944444444444
10 0.37857 0.9098472222222223 0.08857 0.06969444444444445
2 0.68914 0.6732916666666666 0.44114 0.16799999999999998
6 0.34843 0.5061666666666667 0.14429 0.09566666666666666