16 0.18913999999999997 0.10725 0.12686 0.11527777777777778
20 0.13857 0.30513888888888885 0.21428999999999998 0.221375
7 0.15743000000000001 0.49802777777777774 0.06456999999999999 0.1087638888888889
19 0.21614 0.4958472222222222 0.05 0.06866666666666667
15 0.20471 0.6574027777777778 0.14371 0.16481944444444444
14 0.17886000000000002 0.8265138888888889 0.18628999999999998 0.1728611111111111
6 0.34686 0.5035833333333333 0.14514 0.09447222222222222
3 0.35743 0.3591111111111111 0.092 0.12297222222222223
21 0.34729000000000004 0.6048055555555555 0.08029 0.06675
9 0.38543 0.6923333333333334 0.05657 0.06322222222222222
10 0.38157 0.91025 0.09171 0.06255555555555556
2 0.68829 0.6752777777777778 0.44514 0.17991666666666667
0 0.62286 0.5283888888888889 0.05714 0.060750000000000005