16 0.19113999999999998 0.10684722222222223 0.12514 0.12243055555555557
20 0.13771 0.30691666666666667 0.21828999999999998 0.22098611111111113
7 0.16071000000000002 0.49922222222222223 0.06714 0.12543055555555555
19 0.21443 0.4996111111111112 0.04886 0.07066666666666667
15 0.20414 0.6560138888888889 0.14257 0.16125
14 0.17571 0.8285 0.19713999999999998 0.1847638888888889
6 0.347 0.5069583333333333 0.154 0.09724999999999999
3 0.35971 0.3585138888888889 0.08514000000000001 0.1146388888888889
2 0.68743 0.6786527777777778 0.44914 0.18269444444444444
21 0.34743 0.6073888888888889 0.08914 0.06794444444444445
9 0.383 0.6935138888888889 0.05457 0.07354166666666667
10 0.378 0.90925 0.08743000000000001 0.06454166666666666
0 0.624 0.5268055555555555 0.05943 0.05756944444444445