16 0.18928999999999999 0.10981944444444444 0.12429000000000001 0.11647222222222223
20 0.138 0.30413888888888885 0.21314 0.2233611111111111
7 0.15971000000000002 0.49922222222222223 0.06229 0.12543055555555555
19 0.21414 0.4994166666666666 0.042570000000000004 0.07422222222222222
15 0.20729 0.6591944444444444 0.14314 0.16761111111111113
14 0.17386000000000001 0.8294861111111111 0.19629 0.18277777777777776
10 0.38086000000000003 0.9074722222222222 0.09314 0.08081944444444444
21 0.34743 0.6038055555555556 0.08914 0.06873611111111111
9 0.38514 0.6925277777777777 0.06171 0.07552777777777778
3 0.35986 0.3596944444444445 0.08486 0.11224999999999999
2 0.69371 0.6711111111111111 0.45029 0.17554166666666668
6 0.35029000000000005 0.505375 0.152 0.09408333333333332
0 0.62429 0.5274027777777778 0.05429 0.06273611111111112