16 0.18986 0.1076388888888889 0.12543 0.1240138888888889
20 0.13771 0.30315277777777777 0.21828999999999998 0.22534722222222223
7 0.16057 0.5000138888888889 0.05829 0.11113888888888888
19 0.21486000000000002 0.4990138888888889 0.04114 0.06549999999999999
6 0.34757 0.505375 0.15514 0.09408333333333332
15 0.20629 0.6584027777777778 0.14971 0.16601388888888888
14 0.182 0.8279027777777779 0.19829 0.1796111111111111
21 0.34829000000000004 0.6081805555555555 0.08514000000000001 0.06952777777777779
9 0.38456999999999997 0.6927222222222222 0.06057 0.07195833333333333
10 0.38071 0.9078611111111111 0.09570999999999999 0.07366666666666667
3 0.35670999999999997 0.3596944444444445 0.082 0.11224999999999999
2 0.69229 0.6701111111111111 0.45314 0.17752777777777776
0 0.62471 0.5268055555555555 0.04657 0.05756944444444445