16 0.18743 0.1076388888888889 0.12343000000000001 0.1240138888888889
20 0.137 0.30195833333333333 0.21971000000000002 0.2309027777777778
7 0.15886 0.49663888888888885 0.06171 0.11470833333333334
19 0.214 0.4978194444444445 0.04514 0.06470833333333334
15 0.20514 0.6585972222222222 0.14743 0.16244444444444445
14 0.17714 0.8245277777777777 0.20571 0.17681944444444445
6 0.34857 0.5049722222222222 0.14856999999999998 0.10122222222222221
3 0.35913999999999996 0.3616805555555556 0.084 0.10829166666666666
2 0.69257 0.6728888888888889 0.45943 0.17515277777777777
4 0.84929 0.4752083333333333 0.03857 0.09723611111111112
0 0.62571 0.5262083333333334 0.05143 0.05241666666666667
21 0.34757 0.6065833333333334 0.08657 0.06634722222222222
9 0.384 0.692125 0.05943 0.06679166666666667
10 0.37957 0.9076666666666666 0.09343000000000001 0.06136111111111111