16 0.18971000000000002 0.10586111111111111 0.128 0.12441666666666666
20 0.13443 0.3017638888888889 0.22028999999999999 0.228125
7 0.15871000000000002 0.49823611111111116 0.05743 0.11154166666666666
19 0.21256999999999998 0.5002083333333333 0.048 0.05994444444444444
15 0.20113999999999999 0.6619722222222222 0.15086000000000002 0.16522222222222221
14 0.18056999999999998 0.8243194444444444 0.18971000000000002 0.1645138888888889
10 0.38086000000000003 0.9084583333333334 0.09314 0.06295833333333332
3 0.35886 0.3600972222222222 0.07770999999999999 0.10511111111111113
6 0.34970999999999997 0.5093472222222223 0.15086000000000002 0.10201388888888889
21 0.348 0.6069861111111111 0.09029000000000001 0.07508333333333334
9 0.38414 0.6935138888888889 0.05686 0.07354166666666667
0 0.6215700000000001 0.5271944444444444 0.05743 0.05043055555555556
4 0.85029 0.47322222222222227 0.043429999999999996 0.10755555555555556
2 0.68729 0.6752777777777778 0.45171 0.17991666666666667