16 0.18813999999999997 0.10784722222222223 0.122 0.12044444444444444
20 0.134 0.3023611111111111 0.21656999999999998 0.23329166666666667
7 0.15871000000000002 0.5016111111111111 0.05743 0.11431944444444445
19 0.212 0.5008055555555555 0.04686 0.06509722222222222
15 0.20686000000000002 0.6578055555555555 0.15086000000000002 0.16402777777777777
14 0.17057 0.8296805555555555 0.19829 0.17920833333333333
6 0.348 0.504375 0.14743 0.09605555555555555
3 0.36057 0.3600972222222222 0.08114 0.10511111111111113
2 0.68257 0.6744861111111111 0.45657 0.17833333333333334
4 0.272 0.15745833333333334 0.04114 0.100625
21 0.348 0.6073888888888889 0.07886 0.06794444444444445
9 0.38686000000000004 0.6935138888888889 0.06514 0.07354166666666667
10 0.38171 0.9094583333333333 0.08914 0.06097222222222222