20 0.151 0.31527777777777777 0.208 0.2111111111111111
7 0.176 0.5118055555555555 0.05 0.10416666666666667
19 0.22941999999999999 0.5090277777777777 0.04417 0.07037500000000001
17 0.222 0.19166666666666668 0.044 0.030555555555555555
18 0.2855 0.3347222222222222 0.047 0.07222222222222222
18 0.472 0.2881944444444444 0.038 0.059722222222222225
18 0.8495 0.38819444444444445 0.041 0.059722222222222225
4 0.289 0.17291666666666666 0.036 0.09583333333333334
13 0.501 0.09375 0.324 0.05694444444444444
13 0.8035 0.09166666666666666 0.257 0.058333333333333334
13 0.58 0.9222222222222223 0.262 0.05555555555555555
13 0.837 0.9222222222222223 0.198 0.058333333333333334
5 0.2855 0.24722222222222223 0.043 0.027777777777777776
5 0.276 0.4527777777777778 0.038 0.027777777777777776
5 0.324 0.45555555555555555 0.04 0.027777777777777776
5 0.4025 0.45625 0.039 0.02638888888888889
5 0.4735 0.42430555555555555 0.039 0.02638888888888889
5 0.4735 0.45416666666666666 0.039 0.030555555555555555
5 0.4735 0.20069444444444445 0.045 0.029166666666666667
5 0.3555 0.7055555555555556 0.021 0.05555555555555555
5 0.4455 0.7055555555555556 0.023 0.05555555555555555
9 0.399 0.7048611111111112 0.062 0.06805555555555555
15 0.214 0.6680555555555555 0.152 0.17777777777777778
14 0.1925 0.8451388888888889 0.185 0.1763888888888889
1 0.3535 0.80625 0.095 0.14027777777777778
18 0.473 0.55625 0.04 0.06805555555555555
17 0.3635 0.4576388888888889 0.037 0.03194444444444444
6 0.3625 0.5173611111111112 0.145 0.0875
8 0.473 0.24444444444444444 0.052 0.030555555555555555
8 0.4745 0.33194444444444443 0.053 0.027777777777777776
8 0.4735 0.37777777777777777 0.051 0.030555555555555555
8 0.851 0.3368055555555556 0.054 0.034722222222222224
0 0.638 0.5388888888888889 0.052 0.041666666666666664
17 0.2855 0.3888888888888889 0.041 0.03333333333333333
3 0.3755 0.37083333333333335 0.081 0.10555555555555556
2 0.702 0.6854166666666667 0.438 0.1763888888888889
4 0.864 0.48819444444444443 0.03 0.0875