16 0.19143000000000002 0.10625 0.12 0.1172638888888889
20 0.13713999999999998 0.30533333333333335 0.21714 0.23368055555555556
7 0.16029 0.49922222222222223 0.052 0.10955555555555554
19 0.21356999999999998 0.5014027777777778 0.04143 0.05438888888888888
6 0.35070999999999997 0.5047777777777778 0.14429 0.08891666666666666
15 0.20686000000000002 0.6585972222222222 0.13943 0.16244444444444445
14 0.17914 0.829875 0.19257 0.1597638888888889
1 0.33829000000000004 0.7927638888888888 0.09370999999999999 0.12918055555555558
1 0.43257 0.7955416666666666 0.088 0.12679166666666666
21 0.349 0.6077777777777779 0.08370999999999999 0.060791666666666674
9 0.38529 0.6955 0.04771 0.05369444444444444
10 0.37743 0.9090555555555555 0.09770999999999999 0.05223611111111111
4 0.273 0.15844444444444444 0.034570000000000004 0.09863888888888889
4 0.84957 0.4754027777777778 0.04486 0.09366666666666666
0 0.62571 0.5273888888888889 0.05143 0.04686111111111112
2 0.68971 0.6713055555555555 0.44229 0.17197222222222222
3 0.35957 0.36108333333333337 0.07629000000000001 0.1094722222222222