16 0.19129 0.10725 0.12257 0.11527777777777778
20 0.13643 0.30533333333333335 0.21857 0.22098611111111113
7 0.16 0.5008055555555555 0.05714 0.11273611111111112
19 0.21356999999999998 0.49920833333333337 0.04143 0.06191666666666666
6 0.34743 0.506361111111111 0.14629 0.09209722222222222
4 0.27514 0.15606944444444446 0.030289999999999997 0.093875
4 0.84914 0.4734166666666667 0.04114 0.09763888888888889
3 0.35857 0.3599027777777778 0.08286 0.10868055555555556
2 0.68957 0.6744861111111111 0.44486000000000003 0.17833333333333334
0 0.6264299999999999 0.5262083333333334 0.05 0.05241666666666667
15 0.20113999999999999 0.654625 0.14171 0.16720833333333335
14 0.176 0.8247222222222221 0.192 0.17325
1 0.33657 0.7963333333333333 0.10171 0.12837500000000002
1 0.43171 0.7969305555555555 0.092 0.13354166666666667
10 0.38057 0.91025 0.09143000000000001 0.06255555555555556
21 0.34857 0.6071805555555556 0.08 0.07151388888888889
9 0.383 0.6939166666666666 0.05457 0.06640277777777778