16 0.18913999999999997 0.10466666666666667 0.12686 0.11409722222222222
20 0.13529 0.3007638888888889 0.21628999999999998 0.23011111111111113
6 0.34857 0.5069583333333333 0.14856999999999998 0.09724999999999999
7 0.15913999999999998 0.4972361111111111 0.06114 0.11352777777777777
19 0.21386000000000002 0.5000138888888889 0.04771 0.06351388888888888
15 0.209 0.6617777777777778 0.14657 0.16879166666666667
14 0.17929 0.8273055555555555 0.20143 0.18397222222222223
3 0.35814 0.3595 0.08143 0.11265277777777778
21 0.34729000000000004 0.6069861111111111 0.08029 0.07508333333333334
9 0.38343 0.6965 0.05829 0.06759722222222223
1 0.337 0.7967361111111111 0.094 0.12123611111111111
1 0.42743000000000003 0.7945416666666667 0.08914 0.12243055555555557
10 0.38171 0.9110416666666667 0.08914 0.06413888888888888
0 0.6264299999999999 0.5275972222222223 0.05 0.059166666666666666
2 0.68686 0.6742777777777778 0.448 0.18190277777777777