16 0.19 0.10366666666666667 0.12286 0.11606944444444443
20 0.13543 0.30274999999999996 0.21371 0.2325
7 0.16057 0.4998194444444444 0.05829 0.11472222222222221
19 0.214 0.5008055555555555 0.04514 0.06509722222222222
6 0.348 0.5037777777777778 0.14743 0.09090277777777778
15 0.20286 0.6576111111111111 0.14286000000000001 0.16443055555555555
21 0.34843 0.6054027777777777 0.08256999999999999 0.07190277777777779
9 0.38529 0.6956944444444444 0.05914 0.066
14 0.17543 0.8276944444444445 0.19086 0.16730555555555554
1 0.34029000000000004 0.7983194444444444 0.08971 0.14029166666666668
1 0.43313999999999997 0.7957361111111111 0.08914 0.13909722222222223
3 0.36013999999999996 0.3589027777777778 0.07743000000000001 0.11066666666666668
0 0.62514 0.5299722222222222 0.05029 0.04804166666666667
2 0.68614 0.6736805555555556 0.438 0.17673611111111112
10 0.38114 0.9132222222222222 0.088 0.05659722222222222