21 0.344 0.6173611111111111 0.08 0.06527777777777778
7 0.153 0.5145833333333333 0.062 0.1125
13 0.566 0.9284722222222223 0.258 0.06805555555555555
14 0.1745 0.8361111111111111 0.193 0.19444444444444445
16 0.1845 0.11388888888888889 0.119 0.1111111111111111
17 0.201 0.18819444444444444 0.038 0.03194444444444444
17 0.266 0.28680555555555554 0.032 0.02361111111111111
17 0.266 0.3875 0.03 0.019444444444444445
4 0.2685 0.16666666666666666 0.029 0.09444444444444444
13 0.4835 0.08888888888888889 0.323 0.05555555555555555
13 0.7905 0.08958333333333333 0.255 0.05694444444444444
13 0.821 0.9270833333333334 0.196 0.059722222222222225
2 0.6855 0.6854166666666667 0.443 0.1763888888888889
12 0.3355 0.16666666666666666 0.097 0.09166666666666666
12 0.9185 0.4861111111111111 0.069 0.1388888888888889
5 0.264 0.24305555555555555 0.036 0.022222222222222223
5 0.4545 0.19652777777777777 0.037 0.02361111111111111
5 0.4535 0.42569444444444443 0.041 0.02361111111111111
5 0.454 0.4527777777777778 0.038 0.025
5 0.2555 0.4534722222222222 0.035 0.020833333333333332
5 0.305 0.45555555555555555 0.036 0.025
5 0.3865 0.4576388888888889 0.035 0.02638888888888889
5 0.425 0.7076388888888889 0.018 0.05416666666666667
15 0.196 0.6708333333333333 0.134 0.14166666666666666
19 0.2095 0.5118055555555555 0.045 0.05694444444444444
18 0.264 0.33194444444444443 0.042 0.058333333333333334
18 0.4555 0.2861111111111111 0.039 0.06388888888888888
18 0.836 0.3861111111111111 0.042 0.06111111111111111
18 0.4565 0.55625 0.041 0.06527777777777778
3 0.3555 0.3680555555555556 0.073 0.10277777777777777
9 0.379 0.7069444444444445 0.048 0.05277777777777778
1 0.3375 0.8118055555555556 0.087 0.13194444444444445
1 0.4275 0.8131944444444444 0.081 0.12916666666666668
8 0.8365 0.33541666666666664 0.049 0.02638888888888889
8 0.455 0.24027777777777778 0.052 0.030555555555555555
8 0.4555 0.33194444444444443 0.055 0.027777777777777776
8 0.4545 0.3736111111111111 0.049 0.030555555555555555
20 0.129 0.3111111111111111 0.208 0.21666666666666667
6 0.344 0.5166666666666667 0.144 0.09166666666666666