13 0.79 0.08611111111111111 0.254 0.06111111111111111
5 0.4565 0.19583333333333333 0.041 0.03333333333333333
15 0.1955 0.66875 0.143 0.15416666666666667
4 0.2665 0.16805555555555557 0.037 0.09166666666666666
13 0.4835 0.09027777777777778 0.319 0.05555555555555555
13 0.5665 0.9277777777777778 0.263 0.058333333333333334
13 0.8205 0.9298611111111111 0.195 0.059722222222222225
10 0.376 0.9236111111111112 0.088 0.05
14 0.1715 0.84375 0.183 0.16527777777777777
7 0.156 0.5118055555555555 0.052 0.10416666666666667
19 0.208 0.5090277777777777 0.044 0.05694444444444444
6 0.3415 0.5166666666666667 0.141 0.08888888888888889
12 0.3365 0.16597222222222222 0.095 0.09305555555555556
12 0.918 0.48680555555555555 0.062 0.1375
17 0.2005 0.1875 0.035 0.027777777777777776
17 0.266 0.28680555555555554 0.03 0.02361111111111111
17 0.265 0.3861111111111111 0.032 0.019444444444444445
17 0.343 0.45625 0.034 0.02361111111111111
5 0.264 0.2423611111111111 0.036 0.02638888888888889
5 0.2575 0.4513888888888889 0.039 0.025
5 0.306 0.45625 0.036 0.02361111111111111
5 0.384 0.45694444444444443 0.036 0.019444444444444445
5 0.455 0.42430555555555555 0.04 0.02361111111111111
5 0.4545 0.45208333333333334 0.037 0.029166666666666667
5 0.336 0.7055555555555556 0.02 0.05277777777777778
5 0.426 0.7090277777777778 0.02 0.05416666666666667
21 0.3425 0.6166666666666667 0.079 0.058333333333333334
9 0.381 0.7048611111111112 0.056 0.0625
18 0.265 0.33125 0.04 0.059722222222222225
18 0.4545 0.28888888888888886 0.045 0.06111111111111111
18 0.8355 0.38263888888888886 0.043 0.06527777777777778
18 0.455 0.5548611111111111 0.042 0.06527777777777778
1 0.336 0.8138888888888889 0.084 0.12777777777777777
0 0.62 0.5375 0.05 0.041666666666666664
8 0.4555 0.23958333333333334 0.049 0.03194444444444444
8 0.456 0.33055555555555555 0.05 0.025
8 0.455 0.37569444444444444 0.05 0.029166666666666667
8 0.836 0.33541666666666664 0.054 0.034722222222222224
3 0.356 0.36736111111111114 0.076 0.10694444444444444
4 0.8475 0.48680555555555555 0.035 0.09305555555555556