16 0.20311 0.11487499999999999 0.12178 0.11555555555555556
17 0.22166999999999998 0.18988888888888888 0.03667 0.024833333333333332
17 0.28644 0.28929166666666667 0.03511 0.026125
17 0.28567000000000004 0.38623611111111106 0.03133 0.034819444444444445
17 0.36233 0.4560138888888889 0.02911 0.02622222222222222
5 0.35478 0.7042361111111112 0.02289 0.05352777777777778
5 0.44333 0.7016111111111112 0.02 0.05136111111111111
21 0.357 0.6093055555555555 0.07711 0.07045833333333333
15 0.21456 0.6672083333333333 0.14689 0.177
14 0.19378 0.8411666666666666 0.18311000000000002 0.17
1 0.35322000000000003 0.8058194444444445 0.08644 0.13941666666666666
1 0.44244 0.8065833333333333 0.08932999999999999 0.137875
13 0.5 0.09140277777777778 0.31556 0.056263888888888884
13 0.8035599999999999 0.09186111111111112 0.256 0.06027777777777778
13 0.58156 0.9214305555555555 0.26089 0.058902777777777776
13 0.836 0.9214305555555555 0.19644 0.058902777777777776
12 0.353 0.17044444444444445 0.09933 0.09088888888888888
12 0.932 0.46668055555555554 0.06844 0.1432361111111111
3 0.37456 0.3689583333333333 0.07578 0.10891666666666668
2 0.70211 0.6817083333333334 0.43756 0.17515277777777777
5 0.474 0.20223611111111112 0.03689 0.024833333333333332
5 0.28432999999999997 0.2454583333333333 0.03756 0.024861111111111108
5 0.27577999999999997 0.4529166666666667 0.04044 0.020041666666666666
5 0.32356 0.4553888888888889 0.033780000000000004 0.024986111111111108
5 0.402 0.4560138888888889 0.03511 0.02622222222222222
5 0.47156 0.42327777777777775 0.03644 0.0225
5 0.47343999999999997 0.4518333333333333 0.03311 0.02225
8 0.47289 0.24422222222222223 0.048 0.02238888888888889
8 0.47333 0.33329166666666665 0.04889 0.02459722222222222
8 0.47289 0.37651388888888887 0.048 0.024625
8 0.85 0.3373055555555556 0.05111 0.026458333333333334
18 0.28522000000000003 0.3340694444444444 0.03933 0.060111111111111115
18 0.47333 0.28883333333333333 0.04 0.05915277777777778
18 0.47343999999999997 0.5551111111111111 0.038 0.05776388888888889
18 0.8506699999999999 0.38608333333333333 0.03911 0.06230555555555555
0 0.642 0.52825 0.05289 0.04725000000000001
7 0.17643999999999999 0.5105138888888889 0.05067 0.10744444444444444
4 0.28743 0.17154166666666668 0.02629 0.08515277777777779
4 0.863 0.48890277777777774 0.03171 0.08890277777777779
20 0.15014 0.31366666666666665 0.21171 0.21066666666666667