8 0.4545 0.2388888888888889 0.053 0.041666666666666664
15 0.1885 0.6701388888888888 0.151 0.1625
6 0.344 0.5173611111111112 0.144 0.08472222222222223
5 0.264 0.24375 0.038 0.029166666666666667
5 0.4535 0.19652777777777777 0.047 0.029166666666666667
16 0.1845 0.11527777777777778 0.125 0.11388888888888889
17 0.201 0.18611111111111112 0.04 0.030555555555555555
17 0.2665 0.2861111111111111 0.031 0.022222222222222223
17 0.2665 0.3875 0.031 0.022222222222222223
17 0.3445 0.45625 0.031 0.020833333333333332
18 0.2665 0.3298611111111111 0.041 0.06527777777777778
18 0.4545 0.2875 0.041 0.06111111111111111
18 0.8365 0.3861111111111111 0.043 0.06388888888888888
18 0.456 0.5576388888888889 0.038 0.0625
5 0.3055 0.45625 0.037 0.020833333333333332
5 0.385 0.45625 0.04 0.02638888888888889
5 0.4545 0.425 0.037 0.027777777777777776
5 0.3365 0.7055555555555556 0.017 0.06111111111111111
5 0.425 0.7055555555555556 0.018 0.05277777777777778
1 0.338 0.8125 0.088 0.13333333333333333
1 0.428 0.8131944444444444 0.08 0.1375
2 0.6855 0.6881944444444444 0.449 0.19305555555555556
4 0.269 0.16944444444444445 0.032 0.09166666666666666
4 0.848 0.4875 0.03 0.08888888888888889
12 0.9195 0.4861111111111111 0.067 0.14444444444444443
12 0.336 0.16805555555555557 0.096 0.09444444444444444
13 0.4835 0.08888888888888889 0.323 0.05555555555555555
13 0.7895 0.08888888888888889 0.257 0.058333333333333334
13 0.565 0.9256944444444445 0.262 0.059722222222222225
13 0.822 0.9277777777777778 0.198 0.06111111111111111
10 0.3755 0.9236111111111112 0.087 0.05277777777777778
3 0.356 0.3680555555555556 0.074 0.10277777777777777
8 0.454 0.33194444444444443 0.052 0.027777777777777776
8 0.837 0.33541666666666664 0.05 0.02638888888888889
7 0.155 0.5104166666666666 0.052 0.10972222222222222
19 0.207 0.5083333333333333 0.04 0.05277777777777778
21 0.3435 0.6166666666666667 0.079 0.05555555555555555
0 0.6215 0.5368055555555555 0.049 0.04583333333333333
14 0.1715 0.8423611111111111 0.185 0.17083333333333334