13 0.48756 0.07844444444444444 0.31733 0.06737499999999999
13 0.7915599999999999 0.07998611111111112 0.25867 0.06427777777777778
13 0.56789 0.9130972222222221 0.258 0.060750000000000005
13 0.82111 0.9135555555555556 0.19778 0.0647638888888889
10 0.378 0.9086111111111111 0.09378 0.06723611111111111
14 0.17456 0.8289722222222222 0.19133 0.17955555555555555
7 0.16133 0.5015555555555555 0.056 0.10805555555555556
19 0.215 0.5001666666666666 0.04111 0.058972222222222224
15 0.19944 0.6565555555555556 0.15222 0.171125
21 0.34878 0.6071388888888889 0.07756 0.059958333333333336
9 0.38477999999999996 0.6935833333333333 0.05178 0.060000000000000005
16 0.18878 0.10730555555555556 0.122 0.11586111111111111
17 0.20544 0.18154166666666668 0.03533 0.026680555555555558
17 0.27067 0.27694444444444444 0.03467 0.026111111111111113
17 0.27111 0.37775000000000003 0.03556 0.027097222222222224
17 0.34867000000000004 0.44659722222222226 0.03511 0.022819444444444444
3 0.36 0.36031944444444447 0.08889 0.11877777777777777
2 0.68711 0.6764583333333334 0.44089 0.17083333333333334
6 0.34867000000000004 0.507263888888889 0.14178 0.09169444444444444
18 0.45777999999999996 0.2788055555555556 0.04267 0.06686111111111111
18 0.27077999999999997 0.3234166666666667 0.04156 0.06658333333333333
18 0.459 0.5452361111111111 0.04022 0.06269444444444444
18 0.83711 0.37436111111111114 0.04311 0.06352777777777778
4 0.27277999999999997 0.15779166666666666 0.03222 0.09643055555555556
4 0.85 0.46991666666666665 0.03333 0.08488888888888889
12 0.33977999999999997 0.15840277777777778 0.09733 0.09766666666666665
12 0.92 0.4754722222222222 0.06222 0.13305555555555554
8 0.46 0.36601388888888886 0.04889 0.028333333333333332
5 0.45922 0.41433333333333333 0.03622 0.023111111111111114
0 0.6244400000000001 0.5291805555555555 0.04889 0.04540277777777778
1 0.34022 0.7974861111111112 0.08932999999999999 0.14126388888888888
1 0.43167 0.7968611111111111 0.08778 0.14002777777777778
20 0.13486 0.3017638888888889 0.21256999999999998 0.2185972222222222