17 0.2005 0.18958333333333333 0.037 0.02638888888888889
5 0.265 0.2423611111111111 0.038 0.02361111111111111
3 0.3545 0.36736111111111114 0.079 0.10694444444444444
14 0.168 0.8423611111111111 0.202 0.19583333333333333
2 0.673 0.6847222222222222 0.48 0.18055555555555555
13 0.483 0.08125 0.328 0.07083333333333333
21 0.344 0.6173611111111111 0.08 0.06527777777777778
13 0.7905 0.08611111111111111 0.257 0.06111111111111111
5 0.305 0.4576388888888889 0.038 0.02361111111111111
5 0.3845 0.45694444444444443 0.037 0.019444444444444445
5 0.4545 0.4222222222222222 0.037 0.025
5 0.45598 0.45083333333333336 0.03653 0.025374999999999998
5 0.33583999999999997 0.7064861111111111 0.01405 0.05269444444444444
5 0.42577 0.7055138888888889 0.015460000000000002 0.05269444444444444
15 0.19462000000000002 0.6650138888888889 0.13349 0.14930555555555555
19 0.20867 0.5118194444444444 0.044969999999999996 0.05756944444444445
10 0.37518 0.9226388888888888 0.08712 0.045861111111111116
13 0.5655800000000001 0.9265416666666667 0.26417 0.055624999999999994
13 0.82062 0.9255555555555556 0.19672 0.05756944444444445
17 0.26567 0.285625 0.03367 0.024388888888888887
17 0.26530000000000004 0.3872777777777777 0.0344 0.022361111111111113
6 0.34214999999999995 0.516875 0.14418 0.09047222222222222
4 0.26823 0.16720833333333335 0.030010000000000002 0.0925
4 0.8478600000000001 0.485875 0.02854 0.09351388888888888
18 0.45449 0.28868055555555555 0.040979999999999996 0.056916666666666664
18 0.26567 0.331875 0.040979999999999996 0.057944444444444444
18 0.45594999999999997 0.5590555555555555 0.038060000000000004 0.06302777777777778
5 0.45558 0.19820833333333335 0.03732 0.022361111111111113
0 0.6220800000000001 0.5392361111111111 0.04684000000000001 0.04168055555555556
1 0.33885000000000004 0.8070833333333334 0.0849 0.11791666666666667
1 0.42557999999999996 0.8121666666666667 0.08709 0.12197222222222222
12 0.33519 0.16619444444444445 0.09661 0.09047222222222222
12 0.91775 0.48638888888888887 0.06587 0.13925
9 0.38057 0.7059444444444444 0.04977 0.057944444444444444
18 0.8365199999999999 0.3832083333333334 0.040979999999999996 0.06505555555555556
16 0.1825 0.11041666666666666 0.133 0.12083333333333333