16 0.20444 0.11580555555555555 0.12444 0.11123611111111112
17 0.22122 0.19173611111111113 0.03578 0.028541666666666667
17 0.28578 0.2905277777777778 0.03822 0.028597222222222222
17 0.28578 0.38840277777777776 0.03467 0.03297222222222222
17 0.36367 0.45662499999999995 0.03178 0.02745833333333333
5 0.28489 0.24406944444444442 0.03644 0.025166666666666667
5 0.27688999999999997 0.4524583333333333 0.03822 0.028375
5 0.32356 0.45755555555555555 0.033780000000000004 0.023125
5 0.40444 0.45662499999999995 0.03556 0.02745833333333333
5 0.47467000000000004 0.42483333333333334 0.033780000000000004 0.01940277777777778
5 0.47333 0.4547638888888889 0.03111 0.025652777777777778
5 0.35544 0.7028472222222223 0.019780000000000002 0.05383333333333333
5 0.44444 0.7019166666666666 0.01778 0.04580555555555555
5 0.47232999999999997 0.2016111111111111 0.04022 0.02359722222222222
18 0.47289 0.28868055555555555 0.03911 0.06193055555555556
18 0.85122 0.38547222222222227 0.038 0.06106944444444444
4 0.86356 0.48688888888888887 0.02933 0.08798611111111111
4 0.28833 0.17229166666666668 0.027780000000000003 0.09459722222222222
13 0.49944 0.09480555555555556 0.31667 0.05688888888888889
13 0.804 0.09541666666666668 0.25689 0.058125
13 0.58311 0.9220416666666666 0.25956 0.06013888888888889
10 0.39488999999999996 0.9189583333333333 0.092 0.05395833333333334
7 0.17556 0.5120555555555556 0.04889 0.10436111111111111
19 0.22811 0.5109722222222222 0.04511 0.06205555555555556
15 0.21733000000000002 0.6672083333333333 0.15022 0.17947222222222223
6 0.36222000000000004 0.5191527777777778 0.14667 0.08769444444444445
21 0.36267 0.61625 0.07644 0.05656944444444444
9 0.39867 0.7037777777777778 0.05067 0.06186111111111111
18 0.474 0.557125 0.04044 0.063625
1 0.44489 0.8045833333333333 0.08622 0.13694444444444442
12 0.36111 0.17630555555555555 0.10443999999999999 0.09644444444444444
12 0.93744 0.47594444444444445 0.06822 0.13706944444444444
8 0.47289 0.24406944444444442 0.048 0.025166666666666667
8 0.47289 0.33375 0.048 0.02861111111111111
8 0.47289 0.37775000000000003 0.048 0.027097222222222224
8 0.851 0.3374583333333333 0.05089 0.023680555555555555
3 0.37556 0.3706527777777778 0.07556 0.1055138888888889
2 0.70289 0.68325 0.44133 0.17206944444444444