16 0.184 0.11319444444444444 0.128 0.11926388888888889
20 0.12940000000000002 0.3106666666666667 0.21080000000000002 0.21856944444444446
17 0.2 0.18699999999999997 0.036 0.03233333333333333
4 0.2694 0.1683888888888889 0.0268 0.08955555555555555
4 0.8489 0.4852916666666667 0.027800000000000002 0.08723611111111111
12 0.3354 0.16630555555555554 0.1028 0.09372222222222223
12 0.9187000000000001 0.484875 0.0674 0.13919444444444445
13 0.48410000000000003 0.08808333333333333 0.3222 0.05672222222222223
13 0.7908 0.08794444444444445 0.2576 0.059222222222222225
13 0.5648 0.9266527777777779 0.2616 0.05884722222222222
13 0.8211 0.9264166666666667 0.2002 0.06152777777777777
10 0.3747 0.9216944444444445 0.093 0.07097222222222223
14 0.1679 0.8412777777777778 0.2058 0.19402777777777777
7 0.15680000000000002 0.5088055555555555 0.0616 0.12075
19 0.2081 0.5122638888888889 0.0422 0.06713888888888889
15 0.19519999999999998 0.6648333333333334 0.1464 0.16891666666666666
21 0.3432 0.6163333333333333 0.07759999999999999 0.07469444444444445
9 0.3808 0.7080138888888888 0.0536 0.058069444444444444
17 0.2655 0.2861944444444445 0.033 0.025152777777777777
17 0.26780000000000004 0.38566666666666666 0.0316 0.024097222222222225
18 0.26639999999999997 0.3314861111111111 0.040799999999999996 0.06575
18 0.4556 0.2856388888888889 0.0432 0.05738888888888889
18 0.8368 0.3849722222222222 0.0376 0.06995833333333333
3 0.35660000000000003 0.36901388888888886 0.0828 0.11523611111111111
8 0.4541 0.3314861111111111 0.054200000000000005 0.03241666666666666
0 0.6213 0.5400138888888889 0.0526 0.04670833333333334
6 0.3436 0.5187638888888889 0.144 0.095875
18 0.45489999999999997 0.5571111111111111 0.039799999999999995 0.06144444444444445
2 0.6871 0.6870277777777778 0.4442 0.1795972222222222
1 0.333 0.80675 0.09489 0.13509722222222223
1 0.42622000000000004 0.8101388888888889 0.088 0.13570833333333332