13 0.5007 0.09391666666666668 0.31939999999999996 0.051722222222222225
13 0.8056 0.09322222222222223 0.2552 0.053111111111111116
13 0.5828 0.9223472222222223 0.2576 0.05581944444444444
13 0.835 0.9223472222222223 0.19319999999999998 0.05581944444444444
17 0.22156 0.18973611111111113 0.03867 0.02761111111111111
17 0.286 0.38825000000000004 0.03422 0.02340277777777778
17 0.36356 0.45863888888888893 0.033780000000000004 0.028375
17 0.28589 0.28868055555555555 0.03622 0.02488888888888889
15 0.21422 0.6665833333333333 0.15289 0.1757638888888889
14 0.19333 0.8404027777777778 0.18222 0.17154166666666668
5 0.28443999999999997 0.24622222222222223 0.03556 0.023319444444444445
5 0.472 0.2016111111111111 0.037329999999999995 0.02359722222222222
5 0.47111000000000003 0.42451388888888886 0.03556 0.024958333333333332
5 0.4735 0.45443055555555556 0.033 0.01998611111111111
5 0.4033 0.4585972222222222 0.040600000000000004 0.02276388888888889
5 0.3252 0.45929166666666665 0.0384 0.021375
5 0.2759 0.4517916666666667 0.0378 0.023041666666666665
5 0.3548 0.7036805555555555 0.0176 0.04623611111111111
5 0.4433 0.7028472222222223 0.0166 0.050125
9 0.3983 0.7053472222222222 0.0586 0.06069444444444445
1 0.3557 0.8077500000000001 0.08940000000000001 0.14049999999999999
1 0.4452 0.8071944444444443 0.0864 0.1393888888888889
10 0.3932 0.9099861111111112 0.0864 0.05608333333333334
4 0.2876 0.17005555555555554 0.0272 0.09288888888888888
4 0.8625 0.48515277777777777 0.031 0.08973611111111111
8 0.4731 0.24409722222222222 0.0482 0.027083333333333334
8 0.4726 0.3331527777777778 0.0492 0.024638888888888887
8 0.473 0.3766388888888889 0.05 0.031055555555555555
8 0.8492999999999999 0.3355138888888889 0.0526 0.026583333333333334
18 0.2872 0.334125 0.0424 0.06269444444444444
18 0.474 0.28925 0.04 0.059069444444444445
18 0.475 0.5537777777777778 0.038 0.06588888888888889
18 0.8503999999999999 0.3853888888888889 0.040799999999999996 0.06245833333333333
12 0.353 0.17019444444444445 0.098 0.09038888888888888
12 0.9321 0.48501388888888886 0.06620000000000001 0.13669444444444445
0 0.638 0.5379305555555556 0.048 0.03975
20 0.14959999999999998 0.3116388888888889 0.2072 0.21218055555555557