16 0.1906 0.10698611111111112 0.1252 0.11675
17 0.2066 0.18352777777777776 0.037200000000000004 0.02816666666666667
17 0.2717 0.27758333333333335 0.0334 0.02459722222222222
17 0.2704 0.37816666666666665 0.032799999999999996 0.025777777777777774
17 0.3481 0.4474861111111111 0.0342 0.02275
3 0.3589 0.3608055555555555 0.08940000000000001 0.12495833333333334
4 0.2748 0.16005555555555556 0.033600000000000005 0.09511111111111112
4 0.8498 0.4741666666666666 0.0356 0.08723611111111111
13 0.48819999999999997 0.08044444444444444 0.32039999999999996 0.060888888888888895
13 0.7916 0.08169444444444444 0.2592 0.06061111111111111
13 0.5684 0.9147083333333333 0.26080000000000003 0.05997222222222222
13 0.824 0.9127638888888889 0.196 0.061638888888888896
14 0.1764 0.8322083333333334 0.1968 0.17829166666666668
7 0.1598 0.5008472222222222 0.055600000000000004 0.10725
19 0.21209999999999998 0.4997361111111111 0.0422 0.06056944444444445
18 0.27 0.3230138888888889 0.0448 0.06269444444444444
18 0.4603 0.27897222222222223 0.0386 0.06627777777777778
18 0.4597 0.54725 0.0414 0.06115277777777778
18 0.8383999999999999 0.3741388888888889 0.040799999999999996 0.06494444444444444
21 0.3496 0.6054583333333333 0.0792 0.058138888888888886
9 0.384 0.6953472222222222 0.052 0.051791666666666666
15 0.2044 0.6592361111111111 0.14880000000000002 0.16847222222222222
1 0.3392 0.79775 0.0888 0.14270833333333333
1 0.4308 0.7969166666666666 0.0896 0.1465972222222222
0 0.6237 0.5276527777777779 0.0494 0.04697222222222222
5 0.4582 0.41538888888888886 0.0364 0.022458333333333337
12 0.3403 0.15894444444444444 0.09459999999999999 0.09288888888888888
12 0.9197000000000001 0.47570833333333334 0.0654 0.13752777777777778
10 0.38189999999999996 0.9095694444444444 0.08979999999999999 0.06358333333333334
8 0.4579 0.36774999999999997 0.0498 0.024375
20 0.13486 0.3009722222222222 0.21256999999999998 0.2170138888888889
6 0.34757 0.505375 0.14371 0.09408333333333332