20 0.1504 0.31330555555555556 0.2088 0.21551388888888887
17 0.22078 0.19143055555555558 0.03711 0.02791666666666667
17 0.2864 0.3867777777777778 0.0348 0.029111111111111112
17 0.3634 0.45708333333333334 0.032799999999999996 0.030819444444444448
5 0.2835 0.24576388888888887 0.039 0.022083333333333333
5 0.2761 0.45193055555555556 0.0362 0.023319444444444445
5 0.32530000000000003 0.4573611111111111 0.0386 0.025819444444444443
5 0.4041 0.4561111111111111 0.0362 0.02609722222222222
5 0.4723 0.42415277777777777 0.040600000000000004 0.02330555555555556
5 0.473 0.4531805555555556 0.036 0.021416666666666667
5 0.4743 0.20172222222222225 0.0366 0.025680555555555554
5 0.3557 0.7053472222222222 0.019399999999999997 0.052361111111111115
5 0.4442 0.7038194444444444 0.0184 0.05763888888888889
8 0.4722 0.2429861111111111 0.0504 0.027638888888888886
8 0.473 0.33384722222222224 0.052 0.026027777777777775
8 0.4726 0.37775000000000003 0.0512 0.024944444444444446
8 0.8503 0.33731944444444445 0.0526 0.030194444444444444
18 0.2849 0.3335694444444444 0.0458 0.064375
18 0.4734 0.28800000000000003 0.0448 0.06212499999999999
18 0.8492999999999999 0.3859583333333333 0.0386 0.06634722222222222
18 0.4742 0.5553055555555555 0.0384 0.06338888888888888
0 0.639 0.538625 0.048 0.041152777777777774
4 0.289 0.17227777777777778 0.028 0.08901388888888889
4 0.8636 0.48737500000000006 0.0292 0.08586111111111111
3 0.3762 0.3697083333333333 0.07440000000000001 0.10329166666666667
2 0.7021000000000001 0.6849444444444445 0.4402 0.17544444444444443
13 0.5003 0.09447222222222222 0.3206 0.055624999999999994
13 0.803 0.09197222222222222 0.256 0.05618055555555556
13 0.5821000000000001 0.9231944444444445 0.2562 0.05470833333333333
13 0.8352999999999999 0.921236111111111 0.1946 0.056375
9 0.4009 0.7029861111111111 0.0538 0.06152777777777777
1 0.3563 0.8055277777777778 0.0886 0.13883333333333334
15 0.213 0.6677083333333333 0.14 0.17431944444444444
7 0.1762 0.5105694444444444 0.0504 0.10170833333333335
19 0.229 0.5114027777777778 0.044 0.06447222222222222
14 0.19269999999999998 0.8408194444444445 0.1854 0.17052777777777778
6 0.362 0.5158472222222222 0.146 0.08448611111111111